ID	centroid_x	centroid_y	centroid_z	volume	integrated_intensity	eccentricity	elongation	orientation	bounding_box_volume	sum	mean	minimum	maximum	sigma	variance	surface_gradient	interior_gradient	surface_intensity	interior_intensity	intensity_ratio	convexity	radius_variation	surface_area	shape	shared_boundary	t_energy	t_entropy	inverse_diff_moment	inertia	cluster_shade	cluster_prominence	
1.00	1293.00	167.00	0.00	1042.00	87726.00	0.91	2.47	2.34	1980.00	87726.00	84.19	25.00	185.00	43.39	1882.61	11.40	0.00	84.19	0.00	0.00	0.00	1.14	1042.00	9.21	0.01	0.00	10.50	0.04	309.00	202389.77	101834008.00	
2.00	1197.00	148.00	0.00	998.00	111802.00	0.27	1.04	2.67	1806.00	111802.00	112.03	22.00	255.00	67.78	4593.76	13.40	0.00	112.03	0.00	0.00	0.00	0.80	998.00	8.82	0.04	0.00	10.47	0.04	472.47	366704.94	535517824.00	
3.00	1328.00	322.00	0.00	920.00	54619.00	0.54	1.19	2.28	1332.00	54619.00	59.37	24.00	104.00	21.18	448.80	5.41	0.00	59.37	0.00	0.00	0.00	0.82	920.00	8.13	0.01	0.00	9.84	0.13	51.00	12280.49	5494026.00	
4.00	1254.00	394.00	0.00	916.00	64542.00	0.94	3.00	2.41	2021.00	64542.00	70.46	25.00	130.00	32.30	1043.33	9.51	0.00	70.46	0.00	0.00	0.00	1.23	916.00	8.10	0.00	0.00	10.14	0.12	231.51	-15620.71	20358972.00	
5.00	700.00	142.00	0.00	884.00	78530.00	0.64	1.30	1.00	1221.00	78530.00	88.83	24.00	207.00	55.60	3091.72	12.45	0.00	88.83	0.00	0.00	0.00	0.82	884.00	7.82	0.01	0.00	10.24	0.10	159.20	720628.56	287956640.00	
6.00	1215.00	123.00	0.00	879.00	84650.00	0.51	1.16	0.77	1296.00	84650.00	96.30	24.00	243.00	58.23	3390.17	11.86	0.00	96.30	0.00	0.00	0.00	0.78	879.00	7.77	0.03	0.00	10.24	0.07	246.24	359608.28	281366336.00	
7.00	710.00	524.00	0.00	850.00	48855.00	0.81	1.69	2.18	1326.00	48855.00	57.48	25.00	127.00	27.41	751.54	6.67	0.00	57.48	0.00	0.00	0.00	0.89	850.00	7.52	0.01	0.00	9.90	0.14	93.73	98510.20	18594316.00	
8.00	1303.00	768.00	0.00	843.00	56353.00	0.78	1.59	1.25	1131.00	56353.00	66.85	21.00	121.00	27.48	755.20	7.65	0.00	66.85	0.00	0.00	0.00	0.84	843.00	7.45	0.01	0.00	9.98	0.14	56.73	9901.60	13907385.00	
9.00	962.00	824.00	0.00	835.00	57743.00	0.52	1.17	0.72	1292.00	57743.00	69.15	24.00	132.00	29.22	853.65	6.92	0.00	69.15	0.00	0.00	0.00	0.79	835.00	7.38	0.03	0.00	9.98	0.09	70.55	20398.59	19013466.00	
10.00	721.00	776.00	0.00	816.00	59914.00	0.68	1.37	2.80	1008.00	59914.00	73.42	25.00	151.00	34.42	1184.76	8.93	0.00	73.42	0.00	0.00	0.00	0.81	816.00	7.22	0.01	0.00	10.13	0.09	110.23	116786.28	42124444.00	
11.00	1097.00	144.00	0.00	814.00	44832.00	0.74	1.48	2.36	1122.00	44832.00	55.08	23.00	121.00	25.40	645.02	6.59	0.00	55.08	0.00	0.00	0.00	0.85	814.00	7.20	0.01	0.00	9.81	0.10	75.69	78171.80	14533394.00	
12.00	1015.00	440.00	0.00	772.00	55750.00	0.78	1.59	1.88	1134.00	55750.00	72.22	23.00	160.00	38.74	1500.85	10.42	0.00	72.22	0.00	0.00	0.00	0.84	772.00	6.83	0.03	0.00	10.09	0.08	202.00	279591.00	74873912.00	
13.00	988.00	354.00	0.00	769.00	66555.00	0.60	1.25	2.87	952.00	66555.00	86.55	25.00	167.00	39.88	1590.77	9.84	0.00	86.55	0.00	0.00	0.00	0.80	769.00	6.80	0.02	0.00	10.17	0.11	149.39	-11079.65	63099864.00	
14.00	957.00	210.00	0.00	766.00	55731.00	0.76	1.54	2.91	962.00	55731.00	72.76	24.00	147.00	33.91	1149.75	8.54	0.00	72.76	0.00	0.00	0.00	0.83	766.00	6.77	0.03	0.00	10.10	0.11	114.99	88529.61	36326440.00	
15.00	674.00	565.00	0.00	763.00	44453.00	0.78	1.61	2.01	1064.00	44453.00	58.26	25.00	102.00	21.71	471.27	7.18	0.00	58.26	0.00	0.00	0.00	0.84	763.00	6.75	0.00	0.00	9.82	0.16	117.11	-3017.15	4435183.50	
16.00	1180.00	171.00	0.00	741.00	70336.00	0.24	1.03	2.76	1089.00	70336.00	94.92	23.00	201.00	59.08	3490.72	12.68	0.00	94.92	0.00	0.00	0.00	0.76	741.00	6.55	0.03	0.00	10.02	0.06	392.62	442744.28	282610464.00	
17.00	515.00	604.00	0.00	733.00	45776.00	0.45	1.12	2.99	992.00	45776.00	62.45	23.00	124.00	26.26	689.60	7.20	0.00	62.45	0.00	0.00	0.00	0.75	733.00	6.48	0.01	0.00	9.88	0.14	72.34	40754.75	13548029.00	
18.00	489.00	106.00	0.00	730.00	41370.00	0.70	1.40	2.45	960.00	41370.00	56.67	25.00	111.00	24.73	611.79	6.66	0.00	56.67	0.00	0.00	0.00	0.81	730.00	6.45	0.00	0.00	9.68	0.11	72.74	42427.79	10059664.00	
19.00	951.00	278.00	0.00	723.00	37382.00	0.80	1.65	2.30	1155.00	37382.00	51.70	23.00	101.00	20.71	429.06	6.20	0.00	51.70	0.00	0.00	0.00	0.86	723.00	6.39	0.01	0.00	9.69	0.12	79.01	32063.75	5159279.00	
20.00	998.00	177.00	0.00	709.00	53850.00	0.37	1.07	0.43	961.00	53850.00	75.95	25.00	155.00	34.08	1161.78	7.90	0.00	75.95	0.00	0.00	0.00	0.76	709.00	6.27	0.04	0.00	9.89	0.11	73.02	82400.14	43718676.00	
21.00	1271.00	206.00	0.00	698.00	33000.00	0.76	1.55	1.81	962.00	33000.00	47.28	22.00	88.00	18.42	339.15	5.18	0.00	47.28	0.00	0.00	0.00	0.80	698.00	6.17	0.01	0.00	9.29	0.16	32.81	22997.45	3211303.25	
22.00	1159.00	262.00	0.00	685.00	53966.00	0.62	1.27	1.63	945.00	53966.00	78.78	25.00	159.00	38.31	1467.37	10.24	0.00	78.78	0.00	0.00	0.00	0.75	685.00	6.06	0.02	0.00	10.01	0.05	178.48	123421.82	58688932.00	
23.00	97.00	564.00	0.00	684.00	28950.00	0.64	1.30	1.81	896.00	28950.00	42.32	25.00	77.00	13.56	183.83	3.58	0.00	42.32	0.00	0.00	0.00	0.78	684.00	6.05	0.02	0.00	8.74	0.26	17.67	14166.85	1281589.50	
24.00	867.00	677.00	0.00	684.00	48937.00	0.80	1.66	1.00	980.00	48937.00	71.55	22.00	156.00	38.48	1480.61	8.25	0.00	71.55	0.00	0.00	0.00	0.85	684.00	6.05	0.03	0.00	9.88	0.11	94.02	231668.73	64849932.00	
25.00	1153.00	446.00	0.00	682.00	46162.00	0.61	1.26	1.34	891.00	46162.00	67.69	25.00	145.00	32.97	1086.89	9.15	0.00	67.69	0.00	0.00	0.00	0.75	682.00	6.03	0.00	0.00	9.90	0.09	115.62	117975.59	34007932.00	
26.00	941.00	841.00	0.00	680.00	55230.00	0.66	1.33	2.19	960.00	55230.00	81.22	22.00	157.00	38.14	1454.92	10.04	0.00	81.22	0.00	0.00	0.00	0.76	680.00	6.01	0.02	0.00	9.89	0.07	201.40	80411.80	56532512.00	
27.00	1138.00	841.00	0.00	680.00	27208.00	0.63	1.29	2.31	870.00	27208.00	40.01	21.00	59.00	9.82	96.52	3.07	0.00	40.01	0.00	0.00	0.00	0.76	680.00	6.01	0.00	0.00	8.42	0.23	13.64	81.42	208001.64	
28.00	358.00	588.00	0.00	676.00	45963.00	0.77	1.57	1.84	925.00	45963.00	67.99	23.00	126.00	30.98	959.77	8.81	0.00	67.99	0.00	0.00	0.00	0.79	676.00	5.98	0.01	0.00	9.88	0.09	120.05	46673.34	21118408.00	
29.00	581.00	13.00	0.00	671.00	35544.00	0.83	1.80	0.30	925.00	35544.00	52.97	21.00	115.00	23.14	535.35	7.35	0.00	52.97	0.00	0.00	0.00	0.83	671.00	5.93	0.01	0.00	9.54	0.14	55.39	70121.81	10985288.00	
30.00	1373.00	21.00	0.00	667.00	41091.00	0.84	1.85	2.22	1015.00	41091.00	61.61	23.00	122.00	28.30	801.10	7.52	0.00	61.61	0.00	0.00	0.00	0.88	667.00	5.90	0.01	0.00	9.72	0.08	115.55	72375.02	17416042.00	
31.00	12.00	67.00	0.00	659.00	38972.00	0.52	1.17	1.21	806.00	38972.00	59.14	22.00	114.00	25.42	645.99	6.84	0.00	59.14	0.00	0.00	0.00	0.74	659.00	5.83	0.01	0.00	9.66	0.17	52.85	43371.72	11466558.00	
32.00	883.00	725.00	0.00	651.00	42229.00	0.82	1.76	1.63	950.00	42229.00	64.87	25.00	120.00	27.02	730.35	7.98	0.00	64.87	0.00	0.00	0.00	0.82	651.00	5.76	0.02	0.00	9.77	0.07	119.30	30047.71	12911702.00	
33.00	443.00	36.00	0.00	648.00	37432.00	0.37	1.08	0.71	928.00	37432.00	57.77	23.00	125.00	28.62	819.07	6.55	0.00	57.77	0.00	0.00	0.00	0.75	648.00	5.73	0.03	0.00	9.36	0.19	45.01	95855.60	20918574.00	
34.00	1050.00	249.00	0.00	636.00	32686.00	0.85	1.93	2.06	945.00	32686.00	51.39	25.00	97.00	19.75	390.17	6.46	0.00	51.39	0.00	0.00	0.00	0.86	636.00	5.62	0.00	0.00	9.48	0.08	72.40	17811.17	3916459.75	
35.00	729.00	494.00	0.00	618.00	38235.00	0.76	1.53	2.56	952.00	38235.00	61.87	25.00	121.00	26.06	679.23	7.32	0.00	61.87	0.00	0.00	0.00	0.79	618.00	5.46	0.03	0.00	9.76	0.08	104.56	51431.41	12541970.00	
36.00	476.00	556.00	0.00	617.00	32052.00	0.58	1.22	0.11	891.00	32052.00	51.95	25.00	92.00	19.53	381.23	5.20	0.00	51.95	0.00	0.00	0.00	0.74	617.00	5.46	0.02	0.00	9.26	0.16	26.95	15802.62	3990732.75	
37.00	976.00	759.00	0.00	605.00	36827.00	0.76	1.54	2.08	810.00	36827.00	60.87	25.00	106.00	23.29	542.46	7.04	0.00	60.87	0.00	0.00	0.00	0.79	605.00	5.35	0.03	0.00	9.57	0.08	90.26	13238.87	6786054.00	
38.00	698.00	618.00	0.00	604.00	37515.00	0.57	1.22	2.19	899.00	37515.00	62.11	22.00	115.00	25.00	624.85	7.49	0.00	62.11	0.00	0.00	0.00	0.72	604.00	5.34	0.03	0.00	9.65	0.10	90.46	19153.86	10196248.00	
39.00	25.00	184.00	0.00	601.00	36374.00	0.71	1.41	2.49	754.00	36374.00	60.52	24.00	107.00	26.91	723.94	7.63	0.00	60.52	0.00	0.00	0.00	0.76	601.00	5.31	0.00	0.00	9.39	0.15	102.35	5226.02	10746422.00	
40.00	1273.00	509.00	0.00	598.00	40227.00	0.68	1.36	2.39	728.00	40227.00	67.27	25.00	127.00	32.23	1038.53	7.70	0.00	67.27	0.00	0.00	0.00	0.77	598.00	5.29	0.02	0.00	9.71	0.09	111.83	56804.05	23959584.00	
41.00	57.00	453.00	0.00	589.00	27058.00	0.71	1.42	1.90	744.00	27058.00	45.94	25.00	69.00	12.12	146.99	4.65	0.00	45.94	0.00	0.00	0.00	0.74	589.00	5.21	0.00	0.00	8.99	0.17	33.66	94.07	480091.97	
42.00	353.00	99.00	0.00	586.00	39953.00	0.60	1.25	3.05	744.00	39953.00	68.18	22.00	130.00	30.54	932.84	9.02	0.00	68.18	0.00	0.00	0.00	0.73	586.00	5.18	0.02	0.00	9.69	0.07	108.63	52127.62	22110000.00	
43.00	438.00	275.00	0.00	581.00	38181.00	0.60	1.25	0.18	806.00	38181.00	65.72	25.00	117.00	27.09	734.09	8.09	0.00	65.72	0.00	0.00	0.00	0.73	581.00	5.14	0.02	0.00	9.58	0.15	55.69	13882.16	13551855.00	
44.00	160.00	483.00	0.00	579.00	27680.00	0.70	1.40	2.74	744.00	27680.00	47.81	25.00	71.00	13.04	169.99	4.72	0.00	47.81	0.00	0.00	0.00	0.75	579.00	5.12	0.00	0.00	8.80	0.21	34.56	-3453.63	567605.00	
45.00	809.00	521.00	0.00	579.00	38739.00	0.47	1.13	2.72	840.00	38739.00	66.91	23.00	115.00	27.65	764.49	7.94	0.00	66.91	0.00	0.00	0.00	0.69	579.00	5.12	0.03	0.00	9.49	0.16	74.80	1070.31	14190381.00	
46.00	75.00	670.00	0.00	577.00	28945.00	0.58	1.22	1.63	725.00	28945.00	50.16	23.00	91.00	18.07	326.58	5.68	0.00	50.16	0.00	0.00	0.00	0.73	577.00	5.10	0.00	0.00	9.27	0.16	35.95	9302.24	2819623.50	
47.00	928.00	300.00	0.00	572.00	35968.00	0.68	1.37	2.12	775.00	35968.00	62.88	24.00	127.00	29.67	880.27	8.46	0.00	62.88	0.00	0.00	0.00	0.74	572.00	5.06	0.03	0.00	9.65	0.10	116.88	52956.84	18620098.00	
48.00	26.00	370.00	0.00	572.00	41700.00	0.32	1.06	1.35	728.00	41700.00	72.90	25.00	135.00	31.43	987.55	8.81	0.00	72.90	0.00	0.00	0.00	0.73	572.00	5.06	0.02	0.00	9.65	0.09	85.61	923.62	23802902.00	
49.00	1236.00	311.00	0.00	570.00	37895.00	0.76	1.54	2.30	756.00	37895.00	66.48	23.00	115.00	27.12	735.62	8.10	0.00	66.48	0.00	0.00	0.00	0.80	570.00	5.04	0.02	0.00	9.52	0.13	131.03	-3664.80	11370038.00	
50.00	751.00	641.00	0.00	569.00	30070.00	0.81	1.69	2.18	780.00	30070.00	52.85	25.00	92.00	19.41	376.63	6.40	0.00	52.85	0.00	0.00	0.00	0.80	569.00	5.03	0.00	0.00	9.41	0.10	70.23	10912.15	3252711.25	
51.00	15.00	296.00	0.00	568.00	18299.00	0.76	1.53	3.13	651.00	18299.00	32.22	23.00	46.00	4.54	20.59	1.84	0.00	32.22	0.00	0.00	0.00	0.76	568.00	5.02	0.02	0.01	7.14	0.39	6.55	268.84	11580.37	
52.00	545.00	370.00	0.00	564.00	32618.00	0.82	1.75	2.21	810.00	32618.00	57.83	25.00	102.00	21.27	452.62	7.39	0.00	57.83	0.00	0.00	0.00	0.81	564.00	4.99	0.01	0.00	9.47	0.10	99.92	2140.28	4411033.50	
53.00	530.00	578.00	0.00	564.00	32418.00	0.87	2.00	2.33	900.00	32418.00	57.48	25.00	108.00	23.34	544.68	7.95	0.00	57.48	0.00	0.00	0.00	0.90	564.00	4.99	0.02	0.00	9.57	0.07	118.59	35434.48	7578558.00	
54.00	630.00	119.00	0.00	561.00	38990.00	0.82	1.73	2.64	825.00	38990.00	69.50	24.00	116.00	27.00	728.76	7.34	0.00	69.50	0.00	0.00	0.00	0.82	561.00	4.96	0.03	0.00	9.60	0.13	83.72	-23582.19	12122798.00	
55.00	955.00	321.00	0.00	560.00	30674.00	0.92	2.59	1.97	897.00	30674.00	54.78	25.00	101.00	21.10	445.41	8.05	0.00	54.78	0.00	0.00	0.00	0.93	560.00	4.95	0.00	0.00	9.49	0.07	122.36	14757.96	4386538.50	
56.00	1081.00	731.00	0.00	560.00	28896.00	0.75	1.51	2.38	812.00	28896.00	51.60	25.00	94.00	19.18	367.93	6.11	0.00	51.60	0.00	0.00	0.00	0.77	560.00	4.95	0.01	0.00	9.38	0.09	64.87	17242.58	3461819.75	
57.00	774.00	672.00	0.00	559.00	28559.00	0.69	1.38	2.67	837.00	28559.00	51.09	25.00	83.00	17.09	292.09	5.45	0.00	51.09	0.00	0.00	0.00	0.73	559.00	4.94	0.02	0.00	9.16	0.10	53.18	1419.31	1881378.25	
58.00	1251.00	14.00	0.00	557.00	37596.00	0.69	1.38	2.83	690.00	37596.00	67.50	25.00	125.00	31.24	975.67	9.61	0.00	67.50	0.00	0.00	0.00	0.73	557.00	4.93	0.00	0.00	9.59	0.09	136.57	33809.37	20902262.00	
59.00	734.00	184.00	0.00	554.00	34542.00	0.78	1.59	2.11	775.00	34542.00	62.35	25.00	121.00	26.04	678.21	8.85	0.00	62.35	0.00	0.00	0.00	0.77	554.00	4.90	0.00	0.00	9.58	0.07	123.95	21823.66	10767465.00	
60.00	858.00	320.00	0.00	554.00	27577.00	0.76	1.53	3.01	682.00	27577.00	49.78	25.00	80.00	15.81	250.07	4.54	0.00	49.78	0.00	0.00	0.00	0.76	554.00	4.90	0.02	0.00	8.99	0.15	25.51	636.84	1425836.62	
61.00	973.00	173.00	0.00	553.00	30467.00	0.87	2.03	2.35	957.00	30467.00	55.09	21.00	111.00	22.86	522.63	7.43	0.00	55.09	0.00	0.00	0.00	0.90	553.00	4.89	0.03	0.00	9.53	0.09	127.52	28655.40	7226939.50	
62.00	1296.00	637.00	0.00	553.00	35005.00	0.73	1.46	1.21	696.00	35005.00	63.30	22.00	123.00	26.51	702.94	8.00	0.00	63.30	0.00	0.00	0.00	0.75	553.00	4.89	0.03	0.00	9.49	0.11	59.10	51280.30	14498531.00	
63.00	170.00	73.00	0.00	552.00	30564.00	0.70	1.39	2.48	729.00	30564.00	55.37	25.00	108.00	24.17	584.05	7.18	0.00	55.37	0.00	0.00	0.00	0.76	552.00	4.88	0.00	0.00	9.44	0.11	77.20	47622.54	9073245.00	
64.00	838.00	521.00	0.00	548.00	30818.00	0.67	1.35	1.52	744.00	30818.00	56.24	25.00	95.00	20.39	415.65	6.20	0.00	56.24	0.00	0.00	0.00	0.71	548.00	4.85	0.02	0.00	9.35	0.11	55.55	2239.84	3872826.00	
65.00	1228.00	751.00	0.00	546.00	26431.00	0.68	1.36	0.92	675.00	26431.00	48.41	24.00	91.00	18.69	349.27	5.60	0.00	48.41	0.00	0.00	0.00	0.74	546.00	4.83	0.01	0.00	9.08	0.16	28.92	23513.41	3615407.00	
66.00	1314.00	136.00	0.00	545.00	43215.00	0.82	1.75	2.49	800.00	43215.00	79.29	25.00	160.00	39.79	1583.44	12.07	0.00	79.29	0.00	0.00	0.00	0.81	545.00	4.82	0.02	0.00	9.72	0.05	318.61	106451.29	62353164.00	
67.00	621.00	525.00	0.00	545.00	42387.00	0.73	1.45	1.49	736.00	42387.00	77.77	23.00	134.00	30.67	940.68	8.75	0.00	77.77	0.00	0.00	0.00	0.75	545.00	4.82	0.05	0.00	9.56	0.13	122.32	-26969.48	21380976.00	
68.00	1350.00	299.00	0.00	542.00	32510.00	0.68	1.36	2.45	812.00	32510.00	59.98	25.00	96.00	20.85	434.79	7.04	0.00	59.98	0.00	0.00	0.00	0.73	542.00	4.79	0.02	0.00	9.45	0.12	96.08	-6763.50	3969059.25	
69.00	719.00	627.00	0.00	541.00	29903.00	0.79	1.61	2.46	754.00	29903.00	55.27	22.00	92.00	19.34	374.05	6.68	0.00	55.27	0.00	0.00	0.00	0.78	541.00	4.78	0.02	0.00	9.32	0.15	89.80	732.87	2943843.75	
70.00	587.00	565.00	0.00	540.00	23342.00	0.72	1.43	0.04	630.00	23342.00	43.23	25.00	66.00	11.96	143.01	4.14	0.00	43.23	0.00	0.00	0.00	0.72	540.00	4.77	0.00	0.00	8.67	0.19	20.13	1113.93	451019.31	
71.00	1293.00	609.00	0.00	538.00	26672.00	0.55	1.20	2.60	837.00	26672.00	49.58	22.00	79.00	15.44	238.35	4.67	0.00	49.58	0.00	0.00	0.00	0.75	538.00	4.76	0.03	0.00	8.97	0.23	39.61	-5027.86	1302948.25	
72.00	985.00	440.00	0.00	536.00	31797.00	0.83	1.80	2.55	780.00	31797.00	59.32	22.00	115.00	28.63	819.67	8.81	0.00	59.32	0.00	0.00	0.00	0.82	536.00	4.74	0.02	0.00	9.43	0.08	179.88	34514.46	14168842.00	
73.00	196.00	468.00	0.00	535.00	25342.00	0.57	1.22	2.23	624.00	25342.00	47.37	25.00	75.00	14.64	214.34	5.14	0.00	47.37	0.00	0.00	0.00	0.73	535.00	4.73	0.00	0.00	9.04	0.13	39.91	693.90	965392.44	
74.00	987.00	733.00	0.00	533.00	34070.00	0.66	1.33	2.32	783.00	34070.00	63.92	24.00	117.00	28.07	787.87	7.55	0.00	63.92	0.00	0.00	0.00	0.75	533.00	4.71	0.04	0.00	9.54	0.07	120.86	35951.25	15139246.00	
75.00	629.00	140.00	0.00	532.00	39820.00	0.69	1.38	2.66	696.00	39820.00	74.85	23.00	130.00	30.91	955.24	8.79	0.00	74.85	0.00	0.00	0.00	0.73	532.00	4.70	0.04	0.00	9.56	0.11	160.62	-45353.18	19864672.00	
76.00	340.00	423.00	0.00	528.00	28078.00	0.46	1.13	2.67	676.00	28078.00	53.18	21.00	100.00	21.09	444.60	6.33	0.00	53.18	0.00	0.00	0.00	0.70	528.00	4.67	0.01	0.00	9.33	0.08	56.26	25018.13	5318980.50	
77.00	746.00	475.00	0.00	527.00	33326.00	0.44	1.11	2.73	756.00	33326.00	63.24	24.00	106.00	22.08	487.49	6.72	0.00	63.24	0.00	0.00	0.00	0.71	527.00	4.66	0.04	0.00	9.38	0.11	78.69	-8988.84	5490048.00	
78.00	560.00	33.00	0.00	526.00	33383.00	0.73	1.47	2.33	729.00	33383.00	63.47	22.00	118.00	27.21	740.17	8.70	0.00	63.47	0.00	0.00	0.00	0.75	526.00	4.65	0.01	0.00	9.56	0.11	130.35	20284.39	11856412.00	
79.00	838.00	136.00	0.00	526.00	42035.00	0.76	1.55	2.26	700.00	42035.00	79.91	25.00	181.00	43.33	1877.69	13.73	0.00	79.91	0.00	0.00	0.00	0.76	526.00	4.65	0.00	0.00	9.64	0.05	344.73	289394.88	101437816.00	
80.00	470.00	188.00	0.00	524.00	15243.00	0.66	1.34	0.86	754.00	15243.00	29.09	23.00	38.00	3.30	10.88	1.27	0.00	29.09	0.00	0.00	0.00	0.75	524.00	4.63	0.03	0.02	5.99	0.53	2.35	200.57	4692.57	
81.00	1052.00	496.00	0.00	522.00	29700.00	0.70	1.41	2.49	675.00	29700.00	56.90	25.00	106.00	23.96	573.92	7.62	0.00	56.90	0.00	0.00	0.00	0.73	522.00	4.62	0.00	0.00	9.46	0.07	92.71	26298.59	7713223.00	
82.00	551.00	108.00	0.00	521.00	34018.00	0.74	1.48	2.36	676.00	34018.00	65.29	23.00	114.00	27.02	730.08	9.03	0.00	65.29	0.00	0.00	0.00	0.75	521.00	4.61	0.00	0.00	9.48	0.09	143.14	491.96	10503684.00	
83.00	188.00	641.00	0.00	521.00	33621.00	0.70	1.40	2.35	675.00	33621.00	64.53	25.00	120.00	27.43	752.24	8.53	0.00	64.53	0.00	0.00	0.00	0.74	521.00	4.61	0.02	0.00	9.54	0.09	124.68	33089.76	13662416.00	
84.00	326.00	682.00	0.00	520.00	31696.00	0.48	1.14	2.37	625.00	31696.00	60.95	25.00	115.00	25.68	659.39	8.17	0.00	60.95	0.00	0.00	0.00	0.70	520.00	4.60	0.00	0.00	9.47	0.10	85.70	37209.48	10987146.00	
85.00	806.00	800.00	0.00	520.00	28897.00	0.79	1.64	2.52	725.00	28897.00	55.57	25.00	106.00	23.02	530.10	7.60	0.00	55.57	0.00	0.00	0.00	0.77	520.00	4.60	0.00	0.00	9.45	0.07	100.53	26320.94	6706783.00	
86.00	990.00	332.00	0.00	519.00	39558.00	0.48	1.14	3.02	725.00	39558.00	76.22	23.00	133.00	34.30	1176.60	8.91	0.00	76.22	0.00	0.00	0.00	0.75	519.00	4.59	0.05	0.00	9.51	0.07	146.47	-22166.69	30569440.00	
87.00	1331.00	732.00	0.00	519.00	22792.00	0.63	1.28	2.44	650.00	22792.00	43.92	25.00	73.00	14.00	195.94	4.52	0.00	43.92	0.00	0.00	0.00	0.71	519.00	4.59	0.00	0.00	8.92	0.15	31.06	5035.31	900887.06	
88.00	705.00	823.00	0.00	516.00	29867.00	0.84	1.86	2.49	754.00	29867.00	57.88	25.00	97.00	22.13	489.53	8.11	0.00	57.88	0.00	0.00	0.00	0.82	516.00	4.56	0.00	0.00	9.41	0.08	116.74	6021.97	4745753.50	
89.00	1183.00	219.00	0.00	515.00	28876.00	0.80	1.68	2.51	810.00	28876.00	56.07	25.00	100.00	21.87	478.24	7.35	0.00	56.07	0.00	0.00	0.00	0.78	515.00	4.55	0.02	0.00	9.44	0.07	105.48	17534.99	5283814.00	
90.00	1298.00	663.00	0.00	515.00	24266.00	0.62	1.27	2.07	675.00	24266.00	47.12	22.00	82.00	15.74	247.70	4.87	0.00	47.12	0.00	0.00	0.00	0.72	515.00	4.55	0.03	0.00	9.08	0.13	37.75	7622.66	1550241.25	
91.00	545.00	823.00	0.00	515.00	30776.00	0.61	1.26	2.46	784.00	30776.00	59.76	25.00	105.00	23.24	540.28	7.30	0.00	59.76	0.00	0.00	0.00	0.70	515.00	4.55	0.02	0.00	9.39	0.07	94.16	13297.56	6684149.50	
92.00	507.00	232.00	0.00	513.00	20429.00	0.73	1.46	3.13	630.00	20429.00	39.82	23.00	64.00	11.19	125.16	3.68	0.00	39.82	0.00	0.00	0.00	0.72	513.00	4.54	0.00	0.00	8.56	0.23	19.10	2854.55	379697.00	
93.00	131.00	545.00	0.00	513.00	21678.00	0.46	1.13	2.79	728.00	21678.00	42.26	25.00	69.00	13.71	187.94	4.14	0.00	42.26	0.00	0.00	0.00	0.70	513.00	4.54	0.02	0.00	8.48	0.27	25.26	2534.85	769980.06	
94.00	358.00	465.00	0.00	511.00	17744.00	0.81	1.72	2.56	812.00	17744.00	34.72	25.00	54.00	6.86	46.99	2.22	0.00	34.72	0.00	0.00	0.00	0.83	511.00	4.52	0.03	0.01	7.63	0.37	8.50	1466.31	78166.60	
95.00	1024.00	382.00	0.00	510.00	32481.00	0.81	1.72	2.24	700.00	32481.00	63.69	25.00	109.00	25.69	659.80	9.09	0.00	63.69	0.00	0.00	0.00	0.79	510.00	4.51	0.00	0.00	9.46	0.07	154.15	-661.70	8247256.50	
96.00	927.00	665.00	0.00	509.00	30997.00	0.80	1.68	2.46	780.00	30997.00	60.90	25.00	104.00	23.97	574.68	8.50	0.00	60.90	0.00	0.00	0.00	0.79	509.00	4.50	0.01	0.00	9.38	0.05	140.61	3695.56	6511244.00	
97.00	708.00	668.00	0.00	506.00	24672.00	0.59	1.24	2.58	600.00	24672.00	48.76	23.00	92.00	19.32	373.37	5.97	0.00	48.76	0.00	0.00	0.00	0.71	506.00	4.47	0.01	0.00	9.15	0.11	56.32	20773.73	3809512.00	
98.00	1017.00	754.00	0.00	506.00	29527.00	0.68	1.36	1.82	616.00	29527.00	58.35	25.00	110.00	24.64	607.28	8.09	0.00	58.35	0.00	0.00	0.00	0.71	506.00	4.47	0.00	0.00	9.49	0.08	88.50	37616.56	9403536.00	
99.00	992.00	619.00	0.00	505.00	34108.00	0.55	1.20	1.28	644.00	34108.00	67.54	23.00	110.00	27.74	769.48	8.73	0.00	67.54	0.00	0.00	0.00	0.71	505.00	4.47	0.02	0.00	9.37	0.11	103.62	-26204.17	12005734.00	
100.00	483.00	515.00	0.00	504.00	32125.00	0.67	1.34	2.19	702.00	32125.00	63.74	25.00	123.00	28.68	822.34	9.14	0.00	63.74	0.00	0.00	0.00	0.71	504.00	4.46	0.01	0.00	9.53	0.07	133.73	44934.13	15944226.00	
101.00	788.00	846.00	0.00	502.00	20796.00	0.74	1.47	2.95	580.00	20796.00	41.43	21.00	63.00	10.73	115.04	3.61	0.00	41.43	0.00	0.00	0.00	0.73	502.00	4.44	0.00	0.00	8.55	0.19	18.44	1040.04	311168.31	
102.00	1078.00	428.00	0.00	499.00	30228.00	0.79	1.62	2.19	672.00	30228.00	60.58	25.00	104.00	24.07	579.35	8.45	0.00	60.58	0.00	0.00	0.00	0.76	499.00	4.41	0.00	0.00	9.38	0.09	125.91	5692.11	6792736.00	
103.00	1279.00	770.00	0.00	496.00	31747.00	0.24	1.03	0.50	600.00	31747.00	64.01	23.00	112.00	25.44	647.32	8.50	0.00	64.01	0.00	0.00	0.00	0.69	496.00	4.39	0.02	0.00	9.45	0.11	79.27	7890.19	9697079.00	
104.00	974.00	16.00	0.00	495.00	33063.00	0.18	1.02	2.90	675.00	33063.00	66.79	25.00	132.00	31.39	985.39	9.31	0.00	66.79	0.00	0.00	0.00	0.68	495.00	4.38	0.03	0.00	9.49	0.11	94.43	82021.45	26641460.00	
105.00	298.00	462.00	0.00	493.00	17370.00	0.74	1.48	0.36	800.00	17370.00	35.23	25.00	51.00	6.39	40.87	2.13	0.00	35.23	0.00	0.00	0.00	0.74	493.00	4.36	0.03	0.01	7.60	0.36	8.11	635.04	47664.45	
106.00	756.00	343.00	0.00	491.00	37436.00	0.59	1.24	2.49	575.00	37436.00	76.24	21.00	135.00	34.01	1156.54	10.53	0.00	76.24	0.00	0.00	0.00	0.71	491.00	4.34	0.02	0.00	9.55	0.09	202.24	-37317.57	28226682.00	
107.00	102.00	290.00	0.00	490.00	15963.00	0.69	1.38	1.74	638.00	15963.00	32.58	24.00	49.00	5.96	35.52	1.94	0.00	32.58	0.00	0.00	0.00	0.71	490.00	4.33	0.02	0.01	7.33	0.36	6.33	1049.57	43657.44	
108.00	78.00	480.00	0.00	489.00	34666.00	0.72	1.44	2.53	648.00	34666.00	70.89	25.00	133.00	32.95	1085.72	10.92	0.00	70.89	0.00	0.00	0.00	0.72	489.00	4.32	0.00	0.00	9.57	0.07	196.01	41629.36	25842698.00	
109.00	1076.00	130.00	0.00	488.00	25009.00	0.65	1.32	2.38	576.00	25009.00	51.25	23.00	91.00	20.54	422.05	6.59	0.00	51.25	0.00	0.00	0.00	0.72	488.00	4.31	0.02	0.00	9.05	0.17	100.18	5277.58	3741482.75	
110.00	872.00	579.00	0.00	487.00	28769.00	0.91	2.36	2.31	840.00	28769.00	59.07	25.00	100.00	23.57	555.51	9.33	0.00	59.07	0.00	0.00	0.00	0.91	487.00	4.31	0.00	0.00	9.32	0.06	207.23	-4032.19	5319572.00	
111.00	100.00	134.00	0.00	486.00	37009.00	0.65	1.31	3.02	567.00	37009.00	76.15	24.00	190.00	44.23	1955.99	13.49	0.00	76.15	0.00	0.00	0.00	0.70	486.00	4.30	0.01	0.00	9.61	0.05	298.42	418877.91	129193288.00	
112.00	641.00	524.00	0.00	486.00	31634.00	0.42	1.10	2.09	624.00	31634.00	65.09	24.00	104.00	23.61	557.40	7.19	0.00	65.09	0.00	0.00	0.00	0.71	486.00	4.30	0.04	0.00	9.34	0.12	91.69	-21837.76	6947275.50	
113.00	398.00	159.00	0.00	485.00	38401.00	0.41	1.10	2.30	576.00	38401.00	79.18	25.00	158.00	40.50	1640.05	12.92	0.00	79.18	0.00	0.00	0.00	0.69	485.00	4.29	0.00	0.00	9.53	0.06	218.92	105197.09	63143080.00	
114.00	1088.00	340.00	0.00	485.00	32159.00	0.77	1.56	1.81	620.00	32159.00	66.31	25.00	129.00	32.19	1036.18	10.40	0.00	66.31	0.00	0.00	0.00	0.72	485.00	4.29	0.01	0.00	9.50	0.07	166.70	61204.95	24851304.00	
115.00	1273.00	463.00	0.00	485.00	29991.00	0.65	1.32	2.18	598.00	29991.00	61.84	25.00	107.00	24.26	588.39	8.40	0.00	61.84	0.00	0.00	0.00	0.70	485.00	4.29	0.00	0.00	9.43	0.09	106.84	5130.08	7362923.00	
116.00	900.00	709.00	0.00	485.00	31990.00	0.72	1.44	2.26	700.00	31990.00	65.96	25.00	112.00	25.86	668.57	8.20	0.00	65.96	0.00	0.00	0.00	0.73	485.00	4.29	0.03	0.00	9.46	0.09	138.93	-10980.95	9130899.00	
117.00	1295.00	347.00	0.00	482.00	23962.00	0.81	1.72	2.81	620.00	23962.00	49.71	21.00	71.00	13.86	192.11	5.88	0.00	49.71	0.00	0.00	0.00	0.75	482.00	4.26	0.00	0.00	8.82	0.17	61.91	-5496.65	669810.31	
118.00	854.00	185.00	0.00	481.00	27091.00	0.73	1.46	2.55	648.00	27091.00	56.32	25.00	89.00	19.08	364.10	6.92	0.00	56.32	0.00	0.00	0.00	0.73	481.00	4.25	0.01	0.00	9.14	0.15	93.25	-10709.86	2466097.75	
119.00	1090.00	398.00	0.00	481.00	29927.00	0.80	1.65	2.60	644.00	29927.00	62.22	25.00	108.00	25.02	626.09	8.97	0.00	62.22	0.00	0.00	0.00	0.76	481.00	4.25	0.00	0.00	9.37	0.08	148.92	-1176.18	7681635.00	
120.00	426.00	419.00	0.00	478.00	33316.00	0.29	1.05	0.61	552.00	33316.00	69.70	23.00	124.00	29.38	863.05	9.53	0.00	69.70	0.00	0.00	0.00	0.68	478.00	4.23	0.02	0.00	9.45	0.10	99.63	2436.00	16959520.00	
121.00	465.00	476.00	0.00	478.00	31955.00	0.68	1.37	2.82	567.00	31955.00	66.85	25.00	121.00	30.09	905.14	9.97	0.00	66.85	0.00	0.00	0.00	0.71	478.00	4.23	0.00	0.00	9.50	0.07	153.31	26291.59	17136826.00	
122.00	191.00	507.00	0.00	477.00	32016.00	0.41	1.10	0.78	576.00	32016.00	67.12	25.00	120.00	27.74	769.55	9.54	0.00	67.12	0.00	0.00	0.00	0.67	477.00	4.22	0.00	0.00	9.41	0.12	100.26	5080.75	13210003.00	
123.00	983.00	36.00	0.00	476.00	28511.00	0.68	1.36	2.42	625.00	28511.00	59.90	25.00	113.00	25.53	651.79	8.12	0.00	59.90	0.00	0.00	0.00	0.71	476.00	4.21	0.02	0.00	9.43	0.09	103.06	41800.37	11118290.00	
124.00	916.00	325.00	0.00	476.00	31047.00	0.62	1.28	2.10	598.00	31047.00	65.22	25.00	115.00	27.97	782.54	9.17	0.00	65.22	0.00	0.00	0.00	0.69	476.00	4.21	0.01	0.00	9.38	0.09	131.46	16755.11	12518556.00	
125.00	1267.00	533.00	0.00	476.00	35504.00	0.57	1.21	2.19	552.00	35504.00	74.59	25.00	128.00	33.05	1092.10	10.09	0.00	74.59	0.00	0.00	0.00	0.71	476.00	4.21	0.02	0.00	9.44	0.06	156.06	-9711.29	24029446.00	
126.00	421.00	31.00	0.00	475.00	25460.00	0.60	1.25	1.90	572.00	25460.00	53.60	25.00	84.00	17.24	297.38	4.99	0.00	53.60	0.00	0.00	0.00	0.70	475.00	4.20	0.03	0.00	8.84	0.22	28.30	-7515.88	1930084.38	
127.00	997.00	711.00	0.00	474.00	41660.00	0.55	1.20	2.71	783.00	41660.00	87.89	24.00	154.00	38.32	1468.24	10.06	0.00	87.89	0.00	0.00	0.00	0.69	474.00	4.19	0.07	0.00	9.53	0.06	240.57	-59294.26	51217884.00	
128.00	207.00	737.00	0.00	474.00	23085.00	0.28	1.04	1.95	576.00	23085.00	48.70	25.00	88.00	17.90	320.53	5.79	0.00	48.70	0.00	0.00	0.00	0.67	474.00	4.19	0.00	0.00	9.08	0.17	39.97	17724.79	2839214.00	
129.00	905.00	359.00	0.00	473.00	28229.00	0.70	1.40	2.31	600.00	28229.00	59.68	22.00	117.00	27.68	766.09	8.80	0.00	59.68	0.00	0.00	0.00	0.71	473.00	4.18	0.01	0.00	9.40	0.08	130.99	58484.76	14598615.00	
130.00	1370.00	89.00	0.00	472.00	31286.00	0.70	1.41	2.35	625.00	31286.00	66.28	23.00	136.00	32.53	1058.51	10.58	0.00	66.28	0.00	0.00	0.00	0.71	472.00	4.17	0.01	0.00	9.51	0.07	195.63	74557.98	26246836.00	
131.00	449.00	298.00	0.00	472.00	24558.00	0.84	1.85	1.27	682.00	24558.00	52.03	25.00	87.00	18.60	345.94	6.43	0.00	52.03	0.00	0.00	0.00	0.77	472.00	4.17	0.02	0.00	8.98	0.15	30.41	6977.10	2852690.00	
132.00	752.00	365.00	0.00	470.00	30654.00	0.70	1.40	2.36	600.00	30654.00	65.22	25.00	127.00	27.70	767.20	8.79	0.00	65.22	0.00	0.00	0.00	0.73	470.00	4.16	0.02	0.00	9.38	0.07	132.76	27532.25	14328983.00	
133.00	1220.00	384.00	0.00	469.00	31366.00	0.77	1.57	2.07	616.00	31366.00	66.88	25.00	118.00	28.63	819.83	10.17	0.00	66.88	0.00	0.00	0.00	0.73	469.00	4.15	0.00	0.00	9.35	0.07	172.44	9018.43	13354743.00	
134.00	257.00	103.00	0.00	468.00	26628.00	0.71	1.42	1.45	620.00	26628.00	56.90	24.00	100.00	18.39	338.08	5.71	0.00	56.90	0.00	0.00	0.00	0.74	468.00	4.14	0.05	0.00	8.98	0.17	37.41	3657.79	3819297.50	
135.00	858.00	300.00	0.00	467.00	32931.00	0.64	1.30	2.35	552.00	32931.00	70.52	22.00	155.00	36.22	1312.04	11.27	0.00	70.52	0.00	0.00	0.00	0.73	467.00	4.13	0.02	0.00	9.53	0.06	233.83	182411.58	52479560.00	
136.00	1142.00	481.00	0.00	466.00	32124.00	0.66	1.34	2.15	648.00	32124.00	68.94	25.00	131.00	32.61	1063.71	10.60	0.00	68.94	0.00	0.00	0.00	0.69	466.00	4.12	0.02	0.00	9.40	0.06	180.51	58815.18	25415250.00	
137.00	464.00	736.00	0.00	466.00	30003.00	0.69	1.38	2.31	576.00	30003.00	64.38	25.00	114.00	26.94	725.54	9.26	0.00	64.38	0.00	0.00	0.00	0.71	466.00	4.12	0.00	0.00	9.39	0.08	135.81	15051.35	11054028.00	
138.00	1330.00	256.00	0.00	465.00	30378.00	0.72	1.43	2.24	600.00	30378.00	65.33	24.00	113.00	26.53	703.83	8.56	0.00	65.33	0.00	0.00	0.00	0.75	465.00	4.11	0.02	0.00	9.36	0.07	124.67	-4803.81	10265605.00	
139.00	528.00	839.00	0.00	464.00	26609.00	0.52	1.17	3.14	780.00	26609.00	57.35	25.00	105.00	21.69	470.46	6.48	0.00	57.35	0.00	0.00	0.00	0.66	464.00	4.10	0.05	0.00	9.19	0.07	76.72	13166.82	5622922.00	
140.00	1105.00	64.00	0.00	463.00	32819.00	0.67	1.35	2.29	600.00	32819.00	70.88	22.00	142.00	34.52	1191.75	11.44	0.00	70.88	0.00	0.00	0.00	0.70	463.00	4.09	0.00	0.00	9.51	0.07	206.27	74681.81	33649492.00	
141.00	336.00	632.00	0.00	463.00	34174.00	0.63	1.29	2.21	575.00	34174.00	73.81	25.00	138.00	34.75	1207.27	11.65	0.00	73.81	0.00	0.00	0.00	0.69	463.00	4.09	0.00	0.00	9.46	0.08	200.74	49016.54	32607202.00	
142.00	271.00	52.00	0.00	461.00	21388.00	0.74	1.50	0.64	783.00	21388.00	46.39	25.00	77.00	13.63	185.83	4.65	0.00	46.39	0.00	0.00	0.00	0.74	461.00	4.08	0.02	0.00	8.50	0.28	10.26	974.82	900129.44	
143.00	1234.00	334.00	0.00	461.00	34605.00	0.56	1.21	2.14	552.00	34605.00	75.07	24.00	141.00	34.01	1156.46	11.09	0.00	75.07	0.00	0.00	0.00	0.69	461.00	4.08	0.02	0.00	9.51	0.08	188.83	24969.86	31242426.00	
144.00	1025.00	624.00	0.00	461.00	23738.00	0.89	2.17	2.02	704.00	23738.00	51.49	22.00	86.00	17.57	308.63	7.36	0.00	51.49	0.00	0.00	0.00	0.83	461.00	4.08	0.01	0.00	9.20	0.11	115.98	2188.48	1835647.12	
145.00	655.00	506.00	0.00	459.00	36981.00	0.59	1.24	2.90	700.00	36981.00	80.57	25.00	141.00	36.71	1347.92	11.42	0.00	80.57	0.00	0.00	0.00	0.67	459.00	4.06	0.04	0.00	9.43	0.07	252.92	5844.09	38344592.00	
146.00	377.00	657.00	0.00	458.00	32471.00	0.43	1.11	2.34	650.00	32471.00	70.90	24.00	115.00	29.00	841.09	9.43	0.00	70.90	0.00	0.00	0.00	0.67	458.00	4.05	0.02	0.00	9.34	0.09	181.00	-40413.02	12919570.00	
147.00	239.00	101.00	0.00	457.00	20791.00	0.55	1.20	1.70	546.00	20791.00	45.49	25.00	74.00	12.48	155.66	3.93	0.00	45.49	0.00	0.00	0.00	0.71	457.00	4.04	0.03	0.00	8.69	0.19	21.19	1783.73	600667.06	
148.00	999.00	310.00	0.00	456.00	29635.00	0.70	1.40	1.90	594.00	29635.00	64.99	25.00	107.00	25.27	638.40	8.00	0.00	64.99	0.00	0.00	0.00	0.70	456.00	4.03	0.02	0.00	9.31	0.07	117.67	-14411.79	8217864.50	
149.00	232.00	806.00	0.00	454.00	33687.00	0.66	1.33	2.34	576.00	33687.00	74.20	25.00	133.00	35.23	1241.23	12.06	0.00	74.20	0.00	0.00	0.00	0.70	454.00	4.01	0.00	0.00	9.37	0.06	235.36	27217.01	30851664.00	
150.00	795.00	94.00	0.00	450.00	27872.00	0.64	1.30	2.34	650.00	27872.00	61.94	25.00	109.00	26.07	679.40	8.42	0.00	61.94	0.00	0.00	0.00	0.68	450.00	3.98	0.02	0.00	9.26	0.08	151.19	-629.14	9531441.00	
151.00	711.00	340.00	0.00	449.00	31187.00	0.77	1.57	0.15	570.00	31187.00	69.46	25.00	125.00	31.51	993.03	8.67	0.00	69.46	0.00	0.00	0.00	0.71	449.00	3.97	0.03	0.00	9.30	0.15	51.99	51856.79	23623952.00	
152.00	1013.00	144.00	0.00	448.00	37347.00	0.62	1.27	2.87	621.00	37347.00	83.36	25.00	191.00	48.43	2345.02	14.81	0.00	83.36	0.00	0.00	0.00	0.69	448.00	3.96	0.02	0.00	9.49	0.04	363.73	454371.38	167247840.00	
153.00	706.00	323.00	0.00	448.00	32351.00	0.66	1.33	2.79	525.00	32351.00	72.21	25.00	122.00	31.07	965.46	8.71	0.00	72.21	0.00	0.00	0.00	0.70	448.00	3.96	0.03	0.00	9.23	0.08	101.54	-8708.02	18942948.00	
154.00	424.00	442.00	0.00	448.00	26118.00	0.68	1.36	1.79	520.00	26118.00	58.30	23.00	105.00	23.52	553.39	7.81	0.00	58.30	0.00	0.00	0.00	0.70	448.00	3.96	0.02	0.00	9.24	0.08	84.37	23662.12	7427519.50	
155.00	273.00	526.00	0.00	447.00	24079.00	0.68	1.36	1.11	572.00	24079.00	53.87	25.00	91.00	17.96	322.72	6.33	0.00	53.87	0.00	0.00	0.00	0.69	447.00	3.95	0.02	0.00	8.94	0.21	37.36	7859.37	2933604.25	
156.00	754.00	688.00	0.00	444.00	20991.00	0.70	1.40	2.46	676.00	20991.00	47.28	22.00	77.00	15.03	225.77	5.19	0.00	47.28	0.00	0.00	0.00	0.70	444.00	3.93	0.02	0.00	8.95	0.08	52.91	2173.70	1080584.75	
157.00	605.00	372.00	0.00	442.00	29316.00	0.65	1.31	2.44	552.00	29316.00	66.33	25.00	120.00	28.47	810.61	10.16	0.00	66.33	0.00	0.00	0.00	0.69	442.00	3.91	0.00	0.00	9.37	0.06	159.52	21904.26	14152996.00	
158.00	101.00	323.00	0.00	441.00	28910.00	0.67	1.35	2.19	552.00	28910.00	65.56	25.00	127.00	31.07	965.17	10.69	0.00	65.56	0.00	0.00	0.00	0.71	441.00	3.90	0.00	0.00	9.41	0.08	194.17	65721.59	21961350.00	
159.00	203.00	246.00	0.00	437.00	28447.00	0.73	1.47	2.42	576.00	28447.00	65.10	25.00	155.00	37.09	1375.33	12.51	0.00	65.10	0.00	0.00	0.00	0.72	437.00	3.86	0.00	0.00	9.35	0.05	344.77	264576.22	61826412.00	
160.00	928.00	354.00	0.00	436.00	21908.00	0.76	1.53	2.31	575.00	21908.00	50.25	23.00	78.00	16.31	265.98	6.19	0.00	50.25	0.00	0.00	0.00	0.72	436.00	3.86	0.01	0.00	9.05	0.14	77.69	-1419.79	1381084.50	
161.00	753.00	453.00	0.00	435.00	27653.00	0.57	1.22	2.57	528.00	27653.00	63.57	25.00	118.00	24.67	608.66	8.56	0.00	63.57	0.00	0.00	0.00	0.68	435.00	3.85	0.02	0.00	9.30	0.09	110.56	11174.24	9268825.00	
162.00	686.00	657.00	0.00	435.00	16086.00	0.71	1.42	2.89	540.00	16086.00	36.98	23.00	59.00	9.82	96.39	3.43	0.00	36.98	0.00	0.00	0.00	0.69	435.00	3.85	0.01	0.00	8.31	0.19	18.31	2800.62	249626.25	
163.00	1114.00	99.00	0.00	433.00	22242.00	0.66	1.34	2.27	552.00	22242.00	51.37	25.00	85.00	18.04	325.35	6.60	0.00	51.37	0.00	0.00	0.00	0.68	433.00	3.83	0.00	0.00	9.09	0.12	74.07	3724.27	2231347.50	
164.00	557.00	309.00	0.00	433.00	22289.00	0.86	1.98	2.18	644.00	22289.00	51.48	23.00	99.00	20.94	438.34	8.01	0.00	51.48	0.00	0.00	0.00	0.82	433.00	3.83	0.00	0.00	9.25	0.05	138.12	30566.00	4851651.50	
165.00	860.00	776.00	0.00	433.00	32943.00	0.60	1.25	2.06	575.00	32943.00	76.08	25.00	141.00	38.20	1459.20	11.57	0.00	76.08	0.00	0.00	0.00	0.69	433.00	3.83	0.02	0.00	9.30	0.05	270.93	51493.78	44644960.00	
166.00	1147.00	284.00	0.00	432.00	34823.00	0.46	1.13	2.21	600.00	34823.00	80.61	24.00	134.00	34.28	1175.22	10.13	0.00	80.61	0.00	0.00	0.00	0.67	432.00	3.82	0.05	0.00	9.26	0.07	226.87	-81098.40	27827078.00	
167.00	195.00	367.00	0.00	431.00	21073.00	0.44	1.12	1.92	528.00	21073.00	48.89	25.00	88.00	18.60	345.93	6.28	0.00	48.89	0.00	0.00	0.00	0.65	431.00	3.81	0.00	0.00	8.94	0.13	51.12	17267.15	3101304.25	
168.00	361.00	145.00	0.00	423.00	31668.00	0.54	1.19	0.19	650.00	31668.00	74.87	23.00	133.00	36.71	1347.88	9.92	0.00	74.87	0.00	0.00	0.00	0.68	423.00	3.74	0.04	0.00	9.22	0.09	158.55	-6141.31	36535836.00	
169.00	1064.00	754.00	0.00	423.00	17784.00	0.70	1.40	2.18	648.00	17784.00	42.04	25.00	67.00	11.94	142.51	4.36	0.00	42.04	0.00	0.00	0.00	0.69	423.00	3.74	0.02	0.00	8.51	0.11	33.13	2953.58	480016.25	
170.00	435.00	164.00	0.00	422.00	22611.00	0.43	1.11	2.93	528.00	22611.00	53.58	25.00	92.00	18.45	340.44	7.07	0.00	53.58	0.00	0.00	0.00	0.65	422.00	3.73	0.00	0.00	9.09	0.18	59.75	2886.54	2684229.75	
171.00	521.00	807.00	0.00	421.00	32038.00	0.31	1.05	0.91	576.00	32038.00	76.10	25.00	134.00	34.45	1186.77	9.76	0.00	76.10	0.00	0.00	0.00	0.66	421.00	3.72	0.03	0.00	9.33	0.07	162.41	-2616.01	28028940.00	
172.00	1126.00	502.00	0.00	420.00	20491.00	0.68	1.37	2.18	675.00	20491.00	48.79	25.00	88.00	17.24	297.24	5.97	0.00	48.79	0.00	0.00	0.00	0.69	420.00	3.71	0.03	0.00	8.92	0.10	62.96	14382.98	2273129.50	
173.00	945.00	644.00	0.00	420.00	31485.00	0.80	1.67	2.38	624.00	31485.00	74.96	25.00	143.00	36.26	1314.99	12.84	0.00	74.96	0.00	0.00	0.00	0.74	420.00	3.71	0.02	0.00	9.41	0.05	372.15	43323.36	35632536.00	
174.00	538.00	797.00	0.00	420.00	33486.00	0.45	1.12	1.36	598.00	33486.00	79.73	25.00	134.00	34.29	1175.95	10.50	0.00	79.73	0.00	0.00	0.00	0.66	420.00	3.71	0.03	0.00	9.29	0.08	195.01	-39537.57	26550858.00	
175.00	352.00	161.00	0.00	419.00	33501.00	0.56	1.21	3.09	525.00	33501.00	79.95	25.00	141.00	36.51	1333.33	11.13	0.00	79.95	0.00	0.00	0.00	0.66	419.00	3.70	0.03	0.00	9.34	0.04	228.19	-14683.01	37024372.00	
176.00	1330.00	277.00	0.00	418.00	26212.00	0.48	1.14	2.83	525.00	26212.00	62.71	25.00	107.00	23.05	531.25	7.83	0.00	62.71	0.00	0.00	0.00	0.69	418.00	3.70	0.02	0.00	9.14	0.16	80.64	-6930.81	6656305.00	
177.00	202.00	842.00	0.00	416.00	29965.00	0.53	1.18	2.68	528.00	29965.00	72.03	25.00	134.00	31.65	1001.86	11.74	0.00	72.03	0.00	0.00	0.00	0.65	416.00	3.68	0.00	0.00	9.30	0.09	189.08	5434.33	21775614.00	
178.00	122.00	746.00	0.00	412.00	19644.00	0.31	1.05	1.86	506.00	19644.00	47.68	25.00	87.00	17.52	307.03	6.05	0.00	47.68	0.00	0.00	0.00	0.64	412.00	3.64	0.00	0.00	8.95	0.16	42.97	17047.33	2580627.50	
179.00	1143.00	304.00	0.00	409.00	26004.00	0.60	1.25	2.74	504.00	26004.00	63.58	24.00	111.00	26.73	714.59	8.33	0.00	63.58	0.00	0.00	0.00	0.68	409.00	3.62	0.02	0.00	9.16	0.07	110.16	2943.60	10563960.00	
180.00	45.00	374.00	0.00	406.00	22589.00	0.70	1.40	1.59	468.00	22589.00	55.64	22.00	100.00	24.14	582.83	5.96	0.00	55.64	0.00	0.00	0.00	0.69	406.00	3.59	0.04	0.00	8.87	0.12	46.69	25161.39	7887972.00	
181.00	605.00	534.00	0.00	405.00	27424.00	0.59	1.24	1.00	550.00	27424.00	67.71	25.00	109.00	25.65	657.79	8.02	0.00	67.71	0.00	0.00	0.00	0.66	405.00	3.58	0.03	0.00	9.14	0.12	89.92	-20072.79	9555201.00	
182.00	90.00	65.00	0.00	401.00	15494.00	0.83	1.78	1.69	510.00	15494.00	38.64	25.00	65.00	9.60	92.22	3.10	0.00	38.64	0.00	0.00	0.00	0.73	401.00	3.55	0.03	0.00	8.08	0.28	13.05	4223.45	295871.84	
183.00	369.00	534.00	0.00	401.00	29851.00	0.54	1.19	1.47	480.00	29851.00	74.44	25.00	163.00	40.14	1610.92	13.56	0.00	74.44	0.00	0.00	0.00	0.64	401.00	3.55	0.00	0.00	9.35	0.06	233.60	219375.25	74081408.00	
184.00	1008.00	482.00	0.00	400.00	14882.00	0.88	2.08	2.20	621.00	14882.00	37.21	25.00	54.00	8.42	70.88	3.63	0.00	37.21	0.00	0.00	0.00	0.81	400.00	3.54	0.00	0.00	8.14	0.15	24.90	659.89	97441.72	
185.00	702.00	71.00	0.00	395.00	22179.00	0.85	1.87	2.49	572.00	22179.00	56.15	24.00	129.00	27.22	741.19	9.79	0.00	56.15	0.00	0.00	0.00	0.77	395.00	3.49	0.02	0.00	9.08	0.11	225.42	102175.89	18084008.00	
186.00	1098.00	360.00	0.00	395.00	21829.00	0.68	1.37	2.04	480.00	21829.00	55.26	25.00	100.00	21.07	443.87	8.14	0.00	55.26	0.00	0.00	0.00	0.68	395.00	3.49	0.02	0.00	9.14	0.10	123.34	7754.90	4293730.00	
187.00	454.00	359.00	0.00	394.00	17848.00	0.41	1.10	2.99	576.00	17848.00	45.30	25.00	71.00	12.05	145.27	4.39	0.00	45.30	0.00	0.00	0.00	0.67	394.00	3.48	0.03	0.00	8.54	0.19	33.85	-1772.58	463039.06	
188.00	181.00	662.00	0.00	394.00	18147.00	0.59	1.24	2.70	460.00	18147.00	46.06	25.00	70.00	13.68	187.10	4.42	0.00	46.06	0.00	0.00	0.00	0.67	394.00	3.48	0.02	0.00	8.62	0.15	30.17	-135.69	731973.00	
189.00	672.00	492.00	0.00	391.00	25319.00	0.49	1.15	2.08	575.00	25319.00	64.75	25.00	120.00	26.04	677.98	9.02	0.00	64.75	0.00	0.00	0.00	0.65	391.00	3.46	0.03	0.00	9.18	0.06	150.56	2652.38	9860060.00	
190.00	780.00	109.00	0.00	389.00	24679.00	0.38	1.08	2.33	600.00	24679.00	63.44	25.00	99.00	25.04	626.93	8.74	0.00	63.44	0.00	0.00	0.00	0.63	389.00	3.44	0.03	0.00	9.05	0.10	161.70	-24793.20	7094061.50	
191.00	785.00	194.00	0.00	389.00	14846.00	0.88	2.15	2.06	609.00	14846.00	38.16	25.00	54.00	7.16	51.28	3.93	0.00	38.16	0.00	0.00	0.00	0.80	389.00	3.44	0.00	0.01	7.86	0.28	28.59	-381.57	49825.39	
192.00	1204.00	204.00	0.00	388.00	16614.00	0.65	1.31	2.42	625.00	16614.00	42.82	25.00	65.00	12.21	149.16	4.31	0.00	42.82	0.00	0.00	0.00	0.67	388.00	3.43	0.03	0.00	8.42	0.11	37.92	451.57	420800.75	
193.00	469.00	537.00	0.00	386.00	17881.00	0.76	1.53	2.33	529.00	17881.00	46.32	24.00	73.00	13.35	178.33	4.60	0.00	46.32	0.00	0.00	0.00	0.72	386.00	3.41	0.05	0.00	8.75	0.13	38.74	904.46	732914.69	
194.00	995.00	153.00	0.00	385.00	23470.00	0.41	1.10	1.41	529.00	23470.00	60.96	22.00	99.00	22.41	502.18	7.24	0.00	60.96	0.00	0.00	0.00	0.67	385.00	3.40	0.06	0.00	9.14	0.08	93.43	-7336.28	5436032.50	
195.00	737.00	273.00	0.00	384.00	25397.00	0.71	1.42	2.35	484.00	25397.00	66.14	25.00	118.00	27.48	755.16	10.76	0.00	66.14	0.00	0.00	0.00	0.68	384.00	3.40	0.00	0.00	9.19	0.06	216.95	-5046.36	10937213.00	
196.00	1377.00	844.00	0.00	382.00	24817.00	0.71	1.42	2.09	456.00	24817.00	64.97	21.00	150.00	34.63	1199.12	11.64	0.00	64.97	0.00	0.00	0.00	0.70	382.00	3.38	0.00	0.00	9.23	0.05	245.56	203586.41	47200372.00	
197.00	27.00	87.00	0.00	381.00	11409.00	0.71	1.42	2.31	484.00	11409.00	29.94	23.00	45.00	3.85	14.80	1.85	0.00	29.94	0.00	0.00	0.00	0.69	381.00	3.37	0.03	0.02	6.24	0.41	5.37	648.06	16646.48	
198.00	381.00	129.00	0.00	380.00	19345.00	0.73	1.47	2.43	504.00	19345.00	50.91	25.00	84.00	18.30	335.01	6.95	0.00	50.91	0.00	0.00	0.00	0.69	380.00	3.36	0.01	0.00	8.90	0.12	83.77	4879.44	2214740.50	
199.00	869.00	657.00	0.00	380.00	28549.00	0.79	1.65	0.54	572.00	28549.00	75.13	25.00	146.00	36.04	1298.52	9.98	0.00	75.13	0.00	0.00	0.00	0.73	380.00	3.36	0.04	0.00	9.22	0.06	135.79	104538.01	44107484.00	
200.00	1008.00	693.00	0.00	379.00	30372.00	0.50	1.15	0.82	528.00	30372.00	80.14	25.00	137.00	34.28	1175.14	9.73	0.00	80.14	0.00	0.00	0.00	0.66	379.00	3.35	0.06	0.00	9.20	0.08	169.76	-42603.66	29228668.00	
201.00	1247.00	91.00	0.00	375.00	29339.00	0.55	1.20	0.03	437.00	29339.00	78.24	25.00	195.00	50.26	2526.25	16.05	0.00	78.24	0.00	0.00	0.00	0.64	375.00	3.32	0.00	0.00	9.20	0.07	385.15	689794.94	211411184.00	
202.00	252.00	506.00	0.00	375.00	16580.00	0.61	1.27	2.26	462.00	16580.00	44.21	25.00	76.00	14.55	211.60	5.42	0.00	44.21	0.00	0.00	0.00	0.66	375.00	3.32	0.00	0.00	8.81	0.13	43.63	8032.09	1111996.88	
203.00	574.00	498.00	0.00	373.00	20808.00	0.72	1.43	2.52	483.00	20808.00	55.79	25.00	83.00	18.00	323.97	7.66	0.00	55.79	0.00	0.00	0.00	0.68	373.00	3.30	0.00	0.00	8.86	0.16	105.32	-11376.04	1865137.62	
204.00	443.00	513.00	0.00	373.00	17101.00	0.65	1.31	2.09	460.00	17101.00	45.85	25.00	81.00	16.14	260.55	6.00	0.00	45.85	0.00	0.00	0.00	0.65	373.00	3.30	0.00	0.00	8.74	0.13	52.04	10345.52	1687708.50	
205.00	1148.00	7.00	0.00	371.00	29699.00	0.71	1.42	2.96	468.00	29699.00	80.05	24.00	141.00	40.53	1642.32	11.31	0.00	80.05	0.00	0.00	0.00	0.69	371.00	3.28	0.02	0.00	9.11	0.11	253.75	-11751.12	55267716.00	
206.00	853.00	795.00	0.00	371.00	25059.00	0.57	1.21	2.97	480.00	25059.00	67.54	25.00	128.00	32.08	1029.26	9.42	0.00	67.54	0.00	0.00	0.00	0.65	371.00	3.28	0.03	0.00	9.04	0.06	153.17	54245.54	23355218.00	
207.00	104.00	64.00	0.00	370.00	14567.00	0.84	1.82	1.67	480.00	14567.00	39.37	25.00	61.00	9.33	87.08	3.33	0.00	39.37	0.00	0.00	0.00	0.73	370.00	3.27	0.04	0.00	8.14	0.25	15.47	1196.84	197775.86	
208.00	279.00	327.00	0.00	367.00	20260.00	0.58	1.23	0.51	460.00	20260.00	55.20	25.00	95.00	19.90	396.01	8.00	0.00	55.20	0.00	0.00	0.00	0.64	367.00	3.25	0.00	0.00	9.00	0.12	73.18	4807.77	3511565.00	
209.00	691.00	89.00	0.00	365.00	10838.00	0.59	1.24	0.70	483.00	10838.00	29.69	23.00	37.00	3.39	11.47	1.58	0.00	29.69	0.00	0.00	0.00	0.69	365.00	3.23	0.03	0.01	6.39	0.44	3.79	8.10	3146.87	
210.00	320.00	757.00	0.00	363.00	14174.00	0.49	1.15	0.03	418.00	14174.00	39.05	25.00	62.00	9.99	99.88	3.89	0.00	39.05	0.00	0.00	0.00	0.64	363.00	3.21	0.00	0.00	8.31	0.21	17.19	2268.12	252555.73	
211.00	684.00	847.00	0.00	361.00	27574.00	0.63	1.29	2.62	418.00	27574.00	76.38	24.00	129.00	34.49	1189.71	11.57	0.00	76.38	0.00	0.00	0.00	0.66	361.00	3.19	0.00	0.00	9.10	0.07	237.33	-29102.76	26625746.00	
212.00	982.00	212.00	0.00	351.00	17899.00	0.48	1.14	2.15	441.00	17899.00	50.99	24.00	81.00	16.35	267.24	4.40	0.00	50.99	0.00	0.00	0.00	0.67	351.00	3.10	0.06	0.00	8.50	0.13	26.73	-1581.56	1666618.12	
213.00	702.00	228.00	0.00	351.00	15172.00	0.55	1.19	2.31	400.00	15172.00	43.23	24.00	68.00	11.85	140.49	4.54	0.00	43.23	0.00	0.00	0.00	0.65	351.00	3.10	0.02	0.00	8.56	0.13	28.83	1714.74	469090.44	
214.00	813.00	594.00	0.00	351.00	14521.00	0.86	1.96	1.88	476.00	14521.00	41.37	25.00	72.00	11.34	128.50	5.12	0.00	41.37	0.00	0.00	0.00	0.72	351.00	3.10	0.00	0.00	8.51	0.19	39.93	4588.35	472037.28	
215.00	499.00	299.00	0.00	347.00	10234.00	0.70	1.41	0.84	460.00	10234.00	29.49	23.00	39.00	3.35	11.20	1.44	0.00	29.49	0.00	0.00	0.00	0.70	347.00	3.07	0.03	0.02	6.04	0.52	2.25	180.91	4985.77	
216.00	989.00	696.00	0.00	347.00	19587.00	0.88	2.11	2.05	540.00	19587.00	56.45	25.00	98.00	21.96	482.22	5.86	0.00	56.45	0.00	0.00	0.00	0.79	347.00	3.07	0.06	0.00	8.80	0.14	62.45	9412.95	5274990.00	
217.00	274.00	105.00	0.00	343.00	16481.00	0.77	1.57	2.20	525.00	16481.00	48.05	25.00	73.00	12.83	164.70	4.95	0.00	48.05	0.00	0.00	0.00	0.74	343.00	3.03	0.04	0.00	8.43	0.24	40.56	-1196.03	589409.44	
218.00	997.00	598.00	0.00	343.00	20949.00	0.58	1.23	2.23	441.00	20949.00	61.08	25.00	98.00	22.66	513.29	7.72	0.00	61.08	0.00	0.00	0.00	0.65	343.00	3.03	0.03	0.00	8.84	0.11	114.76	-15005.42	4819950.00	
219.00	1126.00	763.00	0.00	343.00	13821.00	0.63	1.29	2.56	440.00	13821.00	40.29	25.00	62.00	10.63	113.04	4.35	0.00	40.29	0.00	0.00	0.00	0.63	343.00	3.03	0.00	0.00	8.34	0.19	24.97	2210.51	303930.81	
220.00	1138.00	29.00	0.00	339.00	12334.00	0.89	2.18	2.40	552.00	12334.00	36.38	23.00	53.00	7.79	60.68	3.72	0.00	36.38	0.00	0.00	0.00	0.81	339.00	3.00	0.01	0.00	8.12	0.21	25.23	503.86	78073.04	
221.00	348.00	401.00	0.00	333.00	15677.00	0.56	1.21	2.01	399.00	15677.00	47.08	23.00	71.00	13.36	178.51	5.54	0.00	47.08	0.00	0.00	0.00	0.63	333.00	2.94	0.02	0.00	8.63	0.13	46.34	-540.80	634733.94	
222.00	988.00	517.00	0.00	330.00	14063.00	0.67	1.36	1.96	414.00	14063.00	42.62	25.00	73.00	13.34	178.06	5.30	0.00	42.62	0.00	0.00	0.00	0.64	330.00	2.92	0.00	0.00	8.55	0.14	39.28	7172.93	838190.81	
223.00	1265.00	627.00	0.00	324.00	13804.00	0.56	1.21	2.64	420.00	13804.00	42.60	25.00	57.00	8.95	80.13	4.18	0.00	42.60	0.00	0.00	0.00	0.62	324.00	2.86	0.03	0.00	7.96	0.23	27.29	-1848.33	120485.24	
224.00	529.00	633.00	0.00	324.00	15337.00	0.54	1.19	2.56	420.00	15337.00	47.34	25.00	72.00	13.74	188.92	6.14	0.00	47.34	0.00	0.00	0.00	0.61	324.00	2.86	0.00	0.00	8.64	0.19	55.61	-391.22	764516.81	
225.00	6.00	118.00	0.00	320.00	18822.00	0.79	1.63	1.53	375.00	18822.00	58.82	24.00	96.00	22.76	517.97	6.85	0.00	58.82	0.00	0.00	0.00	0.67	320.00	2.83	0.00	0.00	8.73	0.16	49.51	4486.38	5768772.50	
226.00	14.00	534.00	0.00	319.00	12851.00	0.43	1.11	0.92	380.00	12851.00	40.29	23.00	61.00	11.47	131.64	4.55	0.00	40.29	0.00	0.00	0.00	0.62	319.00	2.82	0.02	0.00	8.28	0.20	28.86	1251.51	376889.22	
227.00	989.00	196.00	0.00	318.00	16807.00	0.74	1.48	3.09	504.00	16807.00	52.85	23.00	88.00	18.56	344.39	5.77	0.00	52.85	0.00	0.00	0.00	0.64	318.00	2.81	0.07	0.00	8.72	0.07	72.35	6726.24	2722390.25	
228.00	748.00	772.00	0.00	318.00	15706.00	0.80	1.65	2.45	440.00	15706.00	49.39	23.00	72.00	13.99	195.80	6.76	0.00	49.39	0.00	0.00	0.00	0.70	318.00	2.81	0.02	0.00	8.46	0.13	91.94	-6961.35	683404.56	
229.00	126.00	5.00	0.00	317.00	20435.00	0.85	1.88	3.05	364.00	20435.00	64.46	25.00	119.00	27.61	762.26	7.40	0.00	64.46	0.00	0.00	0.00	0.69	317.00	2.80	0.02	0.00	8.90	0.10	75.80	33171.35	14081967.00	
230.00	260.00	312.00	0.00	317.00	10492.00	0.83	1.80	2.69	476.00	10492.00	33.10	25.00	46.00	5.77	33.32	2.11	0.00	33.10	0.00	0.00	0.00	0.72	317.00	2.80	0.05	0.01	7.13	0.40	7.15	501.10	30747.85	
231.00	673.00	98.00	0.00	316.00	8946.00	0.57	1.22	0.51	399.00	8946.00	28.31	23.00	36.00	2.67	7.12	1.35	0.00	28.31	0.00	0.00	0.00	0.64	316.00	2.79	0.01	0.03	5.81	0.50	2.84	84.35	1651.30	
232.00	409.00	131.00	0.00	315.00	9821.00	0.80	1.66	1.78	375.00	9821.00	31.18	25.00	39.00	3.11	9.69	1.56	0.00	31.18	0.00	0.00	0.00	0.68	315.00	2.79	0.03	0.02	6.29	0.43	4.24	-16.94	2046.42	
233.00	1190.00	61.00	0.00	314.00	9302.00	0.44	1.12	3.08	360.00	9302.00	29.62	25.00	37.00	3.03	9.16	1.53	0.00	29.62	0.00	0.00	0.00	0.63	314.00	2.78	0.00	0.02	6.13	0.43	3.52	74.19	2076.13	
234.00	446.00	374.00	0.00	314.00	12977.00	0.60	1.25	2.96	414.00	12977.00	41.33	25.00	59.00	10.27	105.57	3.47	0.00	41.33	0.00	0.00	0.00	0.62	314.00	2.78	0.04	0.00	8.17	0.20	21.50	23.82	225031.77	
235.00	182.00	609.00	0.00	313.00	17428.00	0.51	1.16	2.85	378.00	17428.00	55.68	25.00	93.00	20.39	415.71	8.70	0.00	55.68	0.00	0.00	0.00	0.62	313.00	2.77	0.00	0.00	8.85	0.12	98.94	3073.75	3624580.00	
236.00	11.00	311.00	0.00	311.00	9237.00	0.84	1.87	3.05	435.00	9237.00	29.70	23.00	47.00	5.20	27.08	2.10	0.00	29.70	0.00	0.00	0.00	0.71	311.00	2.75	0.04	0.01	6.71	0.36	9.04	1317.94	40558.91	
237.00	758.00	806.00	0.00	311.00	14270.00	0.76	1.55	2.20	418.00	14270.00	45.88	25.00	65.00	11.20	125.40	5.97	0.00	45.88	0.00	0.00	0.00	0.67	311.00	2.75	0.00	0.00	8.32	0.18	61.27	-2916.32	271504.94	
238.00	130.00	111.00	0.00	309.00	9073.00	0.80	1.66	3.09	375.00	9073.00	29.36	24.00	37.00	3.16	10.00	1.67	0.00	29.36	0.00	0.00	0.00	0.66	309.00	2.73	0.03	0.02	6.12	0.48	3.35	54.05	2685.28	
239.00	320.00	582.00	0.00	307.00	14600.00	0.86	1.93	2.00	425.00	14600.00	47.56	25.00	78.00	15.40	237.30	7.42	0.00	47.56	0.00	0.00	0.00	0.71	307.00	2.71	0.00	0.00	8.67	0.07	90.16	3864.86	1093813.25	
240.00	390.00	641.00	0.00	307.00	19334.00	0.44	1.11	2.71	462.00	19334.00	62.98	25.00	109.00	23.91	571.73	8.40	0.00	62.98	0.00	0.00	0.00	0.62	307.00	2.71	0.04	0.00	8.65	0.12	159.67	-20583.35	5555147.00	
241.00	479.00	172.00	0.00	302.00	8324.00	0.72	1.45	0.08	384.00	8324.00	27.56	21.00	37.00	2.96	8.79	1.43	0.00	27.56	0.00	0.00	0.00	0.63	302.00	2.67	0.05	0.03	5.90	0.52	3.23	92.82	4023.36	
242.00	989.00	850.00	0.00	301.00	13741.00	0.78	1.59	3.02	375.00	13741.00	45.65	24.00	76.00	15.16	229.87	4.62	0.00	45.65	0.00	0.00	0.00	0.68	301.00	2.66	0.00	0.00	8.39	0.15	30.60	8108.31	1285670.12	
243.00	249.00	301.00	0.00	300.00	10079.00	0.76	1.54	1.88	442.00	10079.00	33.60	25.00	47.00	5.92	35.10	1.99	0.00	33.60	0.00	0.00	0.00	0.64	300.00	2.65	0.07	0.01	7.03	0.41	5.13	704.19	36425.63	
244.00	822.00	534.00	0.00	296.00	15981.00	0.72	1.43	2.22	414.00	15981.00	53.99	25.00	87.00	18.07	326.60	4.32	0.00	53.99	0.00	0.00	0.00	0.65	296.00	2.62	0.09	0.00	8.58	0.18	27.70	84.24	2609600.50	
245.00	1164.00	736.00	0.00	296.00	16315.00	0.66	1.33	2.49	360.00	16315.00	55.12	25.00	97.00	20.45	418.30	9.15	0.00	55.12	0.00	0.00	0.00	0.63	296.00	2.62	0.00	0.00	8.76	0.06	133.00	6727.17	3387342.00	
246.00	566.00	351.00	0.00	295.00	10757.00	0.58	1.22	2.37	361.00	10757.00	36.46	25.00	54.00	8.20	67.26	3.47	0.00	36.46	0.00	0.00	0.00	0.62	295.00	2.61	0.01	0.01	7.71	0.22	16.49	1555.04	111351.09	
247.00	1022.00	680.00	0.00	295.00	13558.00	0.64	1.31	2.06	418.00	13558.00	45.96	25.00	70.00	13.72	188.13	6.02	0.00	45.96	0.00	0.00	0.00	0.62	295.00	2.61	0.03	0.00	8.44	0.12	67.46	-203.34	636657.25	
248.00	130.00	124.00	0.00	294.00	9691.00	0.65	1.32	0.13	475.00	9691.00	32.96	23.00	51.00	6.79	46.06	2.57	0.00	32.96	0.00	0.00	0.00	0.66	294.00	2.60	0.07	0.01	7.55	0.25	15.18	1204.78	71168.70	
249.00	287.00	472.00	0.00	292.00	9684.00	0.84	1.84	0.48	456.00	9684.00	33.16	25.00	42.00	5.01	25.07	1.82	0.00	33.16	0.00	0.00	0.00	0.72	292.00	2.58	0.06	0.01	6.70	0.43	4.99	-185.80	13439.61	
250.00	758.00	69.00	0.00	288.00	11026.00	0.62	1.27	2.03	340.00	11026.00	38.28	25.00	56.00	8.34	69.60	4.18	0.00	38.28	0.00	0.00	0.00	0.62	288.00	2.55	0.00	0.01	7.94	0.24	27.07	83.50	102501.20	
251.00	224.00	760.00	0.00	284.00	9237.00	0.65	1.31	0.47	340.00	9237.00	32.52	25.00	43.00	5.35	28.58	2.41	0.00	32.52	0.00	0.00	0.00	0.61	284.00	2.51	0.00	0.01	6.94	0.37	5.89	292.74	18977.22	
252.00	748.00	25.00	0.00	282.00	10812.00	0.55	1.20	2.69	323.00	10812.00	38.34	25.00	57.00	8.99	80.83	3.96	0.00	38.34	0.00	0.00	0.00	0.61	282.00	2.49	0.00	0.00	8.00	0.17	22.12	774.24	139550.55	
253.00	1221.00	163.00	0.00	280.00	11493.00	0.76	1.54	2.45	380.00	11493.00	41.05	22.00	65.00	12.26	150.25	5.54	0.00	41.05	0.00	0.00	0.00	0.68	280.00	2.48	0.01	0.00	8.39	0.16	64.20	420.95	437155.50	
254.00	1380.00	271.00	0.00	279.00	19242.00	0.78	1.59	1.83	360.00	19242.00	68.97	25.00	123.00	30.93	956.49	10.15	0.00	68.97	0.00	0.00	0.00	0.66	279.00	2.47	0.00	0.00	8.75	0.08	175.85	29276.00	18975396.00	
255.00	37.00	227.00	0.00	277.00	7719.00	0.78	1.59	2.17	396.00	7719.00	27.87	24.00	35.00	2.52	6.34	1.28	0.00	27.87	0.00	0.00	0.00	0.67	277.00	2.45	0.03	0.03	5.70	0.49	3.37	88.12	1433.60	
256.00	532.00	15.00	0.00	273.00	9565.00	0.36	1.07	3.09	342.00	9565.00	35.04	25.00	49.00	6.42	41.18	3.28	0.00	35.04	0.00	0.00	0.00	0.58	273.00	2.41	0.00	0.01	7.44	0.33	13.65	358.18	38339.66	
257.00	226.00	377.00	0.00	270.00	9398.00	0.79	1.62	2.69	336.00	9398.00	34.81	25.00	49.00	6.58	43.34	3.14	0.00	34.81	0.00	0.00	0.00	0.64	270.00	2.39	0.00	0.01	7.69	0.22	15.94	459.84	39577.15	
258.00	515.00	303.00	0.00	268.00	8073.00	0.50	1.16	1.72	288.00	8073.00	30.12	24.00	41.00	3.75	14.04	1.77	0.00	30.12	0.00	0.00	0.00	0.62	268.00	2.37	0.05	0.03	6.20	0.46	5.37	353.19	7886.42	
259.00	285.00	66.00	0.00	267.00	11619.00	0.35	1.07	0.73	361.00	11619.00	43.52	26.00	61.00	10.75	115.51	4.27	0.00	43.52	0.00	0.00	0.00	0.57	267.00	2.36	0.04	0.01	7.76	0.32	11.86	-2008.23	290028.84	
260.00	970.00	782.00	0.00	267.00	10369.00	0.60	1.25	2.32	306.00	10369.00	38.84	24.00	55.00	8.42	70.86	3.49	0.00	38.84	0.00	0.00	0.00	0.63	267.00	2.36	0.04	0.01	7.76	0.17	18.49	124.57	106696.43	
261.00	1255.00	247.00	0.00	265.00	10488.00	0.73	1.46	2.48	323.00	10488.00	39.58	23.00	55.00	8.09	65.49	4.16	0.00	39.58	0.00	0.00	0.00	0.64	265.00	2.34	0.02	0.01	7.93	0.26	29.23	-561.90	81406.24	
262.00	393.00	253.00	0.00	264.00	7609.00	0.91	2.41	2.03	476.00	7609.00	28.82	25.00	36.00	2.90	8.44	1.68	0.00	28.82	0.00	0.00	0.00	0.77	264.00	2.33	0.03	0.02	6.09	0.38	5.05	78.64	1814.44	
263.00	263.00	294.00	0.00	262.00	7944.00	0.76	1.53	0.84	342.00	7944.00	30.32	25.00	37.00	2.51	6.30	1.35	0.00	30.32	0.00	0.00	0.00	0.65	262.00	2.32	0.06	0.03	5.56	0.53	2.54	-34.60	830.17	
264.00	1252.00	265.00	0.00	260.00	9583.00	0.79	1.62	1.77	294.00	9583.00	36.86	22.00	57.00	9.32	86.89	4.16	0.00	36.86	0.00	0.00	0.00	0.63	260.00	2.30	0.02	0.00	8.18	0.25	30.95	1556.74	175526.28	
265.00	1120.00	3.00	0.00	259.00	14608.00	0.94	2.97	3.12	310.00	14608.00	56.40	23.00	101.00	23.35	545.24	7.57	0.00	56.40	0.00	0.00	0.00	0.76	259.00	2.29	0.01	0.00	8.46	0.11	91.74	-10.72	5764599.50	
266.00	422.00	128.00	0.00	259.00	7996.00	0.74	1.48	1.64	322.00	7996.00	30.87	25.00	39.00	3.45	11.89	1.63	0.00	30.87	0.00	0.00	0.00	0.64	259.00	2.29	0.04	0.02	6.30	0.46	3.59	33.65	3251.47	
267.00	619.00	216.00	0.00	259.00	9451.00	0.82	1.76	0.11	336.00	9451.00	36.49	25.00	55.00	7.63	58.28	4.04	0.00	36.49	0.00	0.00	0.00	0.64	259.00	2.29	0.00	0.01	7.85	0.25	18.53	566.62	72020.95	
268.00	649.00	626.00	0.00	258.00	9504.00	0.58	1.22	0.06	399.00	9504.00	36.84	25.00	46.00	6.00	35.99	2.98	0.00	36.84	0.00	0.00	0.00	0.59	258.00	2.28	0.04	0.01	7.08	0.32	14.50	-719.61	24215.59	
269.00	53.00	395.00	0.00	250.00	6909.00	0.74	1.48	1.98	391.00	6909.00	27.64	22.00	34.00	2.07	4.28	1.08	0.00	27.64	0.00	0.00	0.00	0.67	250.00	2.21	0.07	0.04	5.16	0.56	1.93	13.87	463.68	
270.00	806.00	545.00	0.00	244.00	7587.00	0.62	1.27	2.74	320.00	7587.00	31.09	23.00	41.00	4.13	17.10	2.04	0.00	31.09	0.00	0.00	0.00	0.60	244.00	2.16	0.04	0.01	6.73	0.33	6.29	138.46	6994.88	
271.00	57.00	845.00	0.00	241.00	11800.00	0.80	1.68	1.91	294.00	11800.00	48.96	25.00	68.00	11.37	129.31	4.16	0.00	48.96	0.00	0.00	0.00	0.64	241.00	2.13	0.06	0.01	7.83	0.23	31.18	-5160.78	350102.38	
272.00	970.00	801.00	0.00	240.00	8934.00	0.77	1.55	1.55	280.00	8934.00	37.22	25.00	55.00	8.10	65.63	4.02	0.00	37.22	0.00	0.00	0.00	0.62	240.00	2.12	0.05	0.01	7.83	0.21	20.66	1202.24	103678.16	
273.00	1312.00	5.00	0.00	238.00	15721.00	0.83	1.81	2.93	299.00	15721.00	66.05	23.00	111.00	29.65	878.84	10.62	0.00	66.05	0.00	0.00	0.00	0.65	238.00	2.10	0.00	0.00	8.49	0.06	249.34	-3083.63	13573687.00	
274.00	1279.00	621.00	0.00	237.00	11866.00	0.84	1.82	1.22	352.00	11866.00	50.07	25.00	69.00	11.17	124.85	4.13	0.00	50.07	0.00	0.00	0.00	0.65	237.00	2.10	0.10	0.00	7.90	0.21	23.80	-4674.60	391743.06	
275.00	81.00	559.00	0.00	235.00	6875.00	0.74	1.49	2.17	336.00	6875.00	29.26	24.00	37.00	2.84	8.09	1.42	0.00	29.26	0.00	0.00	0.00	0.64	235.00	2.08	0.05	0.03	5.73	0.48	3.48	21.28	1494.59	
276.00	409.00	239.00	0.00	233.00	7415.00	0.72	1.44	2.70	285.00	7415.00	31.82	24.00	45.00	5.33	28.43	2.50	0.00	31.82	0.00	0.00	0.00	0.60	233.00	2.06	0.02	0.01	7.12	0.30	9.81	435.60	19627.15	
277.00	530.00	748.00	0.00	229.00	7374.00	0.78	1.61	1.84	294.00	7374.00	32.20	25.00	38.00	3.38	11.43	2.08	0.00	32.20	0.00	0.00	0.00	0.64	229.00	2.02	0.04	0.02	6.39	0.38	7.27	-97.38	2458.33	
278.00	364.00	477.00	0.00	225.00	7337.00	0.86	1.94	2.71	308.00	7337.00	32.61	24.00	46.00	5.59	31.30	2.23	0.00	32.61	0.00	0.00	0.00	0.69	225.00	1.99	0.07	0.01	7.08	0.38	8.38	529.87	27566.04	
279.00	49.00	833.00	0.00	224.00	10188.00	0.90	2.24	2.96	324.00	10188.00	45.48	25.00	63.00	11.80	139.13	4.37	0.00	45.48	0.00	0.00	0.00	0.67	224.00	1.98	0.06	0.01	7.74	0.22	28.38	-2877.61	365901.09	
280.00	43.00	846.00	0.00	223.00	10864.00	0.72	1.45	1.10	270.00	10864.00	48.72	24.00	68.00	12.20	148.88	4.04	0.00	48.72	0.00	0.00	0.00	0.63	223.00	1.97	0.06	0.01	7.83	0.27	11.70	-5598.45	579632.62	
281.00	1008.00	423.00	0.00	222.00	8679.00	0.90	2.27	2.51	418.00	8679.00	39.09	24.00	70.00	10.16	103.31	4.86	0.00	39.09	0.00	0.00	0.00	0.74	222.00	1.96	0.08	0.00	7.89	0.16	51.30	5706.97	359465.72	
282.00	1114.00	518.00	0.00	219.00	7666.00	0.65	1.31	2.35	306.00	7666.00	35.00	25.00	47.00	6.12	37.42	2.99	0.00	35.00	0.00	0.00	0.00	0.58	219.00	1.94	0.03	0.01	7.35	0.22	15.54	-124.57	25404.83	
283.00	515.00	851.00	0.00	215.00	10886.00	0.87	2.03	0.03	300.00	10886.00	50.63	22.00	83.00	16.21	262.64	5.21	0.00	50.63	0.00	0.00	0.00	0.64	215.00	1.90	0.05	0.00	8.19	0.12	53.95	1452.92	1549114.88	
284.00	699.00	244.00	0.00	212.00	7532.00	0.58	1.23	2.89	238.00	7532.00	35.53	23.00	49.00	6.77	45.80	3.18	0.00	35.53	0.00	0.00	0.00	0.59	212.00	1.87	0.03	0.01	7.47	0.23	13.92	-50.08	42175.77	
285.00	120.00	133.00	0.00	211.00	7475.00	0.48	1.14	1.22	272.00	7475.00	35.43	25.00	57.00	7.56	57.21	3.48	0.00	35.43	0.00	0.00	0.00	0.58	211.00	1.87	0.08	0.01	7.54	0.23	27.45	1712.93	102514.61	
286.00	647.00	128.00	0.00	208.00	12121.00	0.71	1.42	1.53	294.00	12121.00	58.27	25.00	96.00	21.28	453.04	7.50	0.00	58.27	0.00	0.00	0.00	0.57	208.00	1.84	0.07	0.00	8.29	0.11	92.22	-5815.73	4043323.00	
287.00	58.00	408.00	0.00	207.00	5898.00	0.38	1.08	0.98	288.00	5898.00	28.49	25.00	34.00	2.03	4.12	1.28	0.00	28.49	0.00	0.00	0.00	0.55	207.00	1.83	0.04	0.04	5.19	0.52	2.34	9.51	311.32	
288.00	49.00	233.00	0.00	205.00	5538.00	0.67	1.35	1.93	238.00	5538.00	27.01	24.00	31.00	1.46	2.13	0.89	0.00	27.01	0.00	0.00	0.00	0.58	205.00	1.81	0.04	0.06	4.51	0.60	1.36	8.07	116.07	
289.00	1022.00	239.00	0.00	205.00	6669.00	0.84	1.82	2.16	285.00	6669.00	32.53	25.00	43.00	4.59	21.11	3.04	0.00	32.53	0.00	0.00	0.00	0.64	205.00	1.81	0.00	0.01	7.11	0.25	15.09	98.66	7144.72	
290.00	601.00	640.00	0.00	205.00	8078.00	0.75	1.51	2.28	272.00	8078.00	39.40	25.00	61.00	10.12	102.48	5.41	0.00	39.40	0.00	0.00	0.00	0.59	205.00	1.81	0.00	0.00	8.00	0.10	45.04	1557.05	215707.16	
291.00	1288.00	683.00	0.00	203.00	6792.00	0.57	1.21	1.69	238.00	6792.00	33.46	24.00	45.00	5.50	30.29	2.70	0.00	33.46	0.00	0.00	0.00	0.56	203.00	1.79	0.03	0.01	7.21	0.24	12.27	7.88	18346.62	
292.00	707.00	602.00	0.00	198.00	8247.00	0.82	1.74	0.49	320.00	8247.00	41.65	25.00	56.00	9.82	96.39	4.12	0.00	41.65	0.00	0.00	0.00	0.63	198.00	1.75	0.06	0.01	7.41	0.24	20.06	-1477.71	181253.97	
293.00	1383.00	359.00	0.00	194.00	9109.00	0.90	2.30	1.63	250.00	9109.00	46.95	25.00	74.00	15.16	229.74	5.85	0.00	46.95	0.00	0.00	0.00	0.66	194.00	1.72	0.00	0.00	8.02	0.13	54.48	1859.60	1002425.88	
294.00	657.00	615.00	0.00	189.00	6831.00	0.68	1.37	0.11	234.00	6831.00	36.14	25.00	45.00	5.53	30.58	2.99	0.00	36.14	0.00	0.00	0.00	0.55	189.00	1.67	0.05	0.01	7.09	0.21	14.05	-361.41	16397.10	
295.00	219.00	422.00	0.00	186.00	6477.00	0.50	1.15	2.96	224.00	6477.00	34.82	25.00	47.00	5.75	33.07	3.62	0.00	34.82	0.00	0.00	0.00	0.54	186.00	1.64	0.00	0.01	7.20	0.28	17.29	-282.57	21024.91	
296.00	1029.00	648.00	0.00	186.00	5234.00	0.81	1.70	1.66	198.00	5234.00	28.14	22.00	34.00	2.63	6.92	1.60	0.00	28.14	0.00	0.00	0.00	0.60	186.00	1.64	0.01	0.02	6.01	0.41	4.11	19.74	1141.72	
297.00	964.00	226.00	0.00	183.00	5767.00	0.80	1.68	0.02	220.00	5767.00	31.51	24.00	41.00	4.49	20.15	2.02	0.00	31.51	0.00	0.00	0.00	0.59	183.00	1.62	0.05	0.01	6.57	0.35	4.77	146.52	8957.53	
298.00	277.00	852.00	0.00	183.00	9485.00	0.90	2.30	3.09	240.00	9485.00	51.83	25.00	96.00	20.43	417.21	7.79	0.00	51.83	0.00	0.00	0.00	0.64	183.00	1.62	0.00	0.00	8.04	0.13	78.54	22713.60	4007220.75	
299.00	107.00	6.00	0.00	182.00	6658.00	0.43	1.11	2.56	210.00	6658.00	36.58	23.00	58.00	6.15	37.80	3.48	0.00	36.58	0.00	0.00	0.00	0.54	182.00	1.61	0.03	0.01	7.00	0.28	18.76	188.72	35326.21	
300.00	519.00	752.00	0.00	179.00	5539.00	0.74	1.49	1.60	216.00	5539.00	30.94	25.00	37.00	3.10	9.60	1.77	0.00	30.94	0.00	0.00	0.00	0.58	179.00	1.58	0.05	0.02	6.14	0.41	4.43	-15.27	1815.05	
301.00	1375.00	68.00	0.00	175.00	5271.00	0.78	1.61	2.12	238.00	5271.00	30.12	20.00	39.00	3.98	15.86	2.30	0.00	30.12	0.00	0.00	0.00	0.59	175.00	1.55	0.04	0.01	6.63	0.34	8.49	74.48	5240.32	
302.00	106.00	654.00	0.00	174.00	4680.00	0.49	1.15	1.83	195.00	4680.00	26.90	24.00	29.00	1.09	1.18	0.83	0.00	26.90	0.00	0.00	0.00	0.55	174.00	1.54	0.03	0.10	3.84	0.65	1.11	-1.48	28.07	
303.00	1069.00	364.00	0.00	173.00	4805.00	0.79	1.63	2.36	225.00	4805.00	27.77	25.00	31.00	1.20	1.43	1.28	0.00	27.77	0.00	0.00	0.00	0.61	173.00	1.53	0.00	0.07	4.18	0.54	1.94	0.50	27.21	
304.00	1337.00	418.00	0.00	173.00	5744.00	0.68	1.36	1.88	208.00	5744.00	33.20	25.00	45.00	5.84	34.16	3.34	0.00	33.20	0.00	0.00	0.00	0.54	173.00	1.53	0.00	0.01	7.12	0.25	16.48	299.22	22255.14	
305.00	115.00	284.00	0.00	163.00	4532.00	0.87	2.06	1.42	200.00	4532.00	27.80	25.00	33.00	1.64	2.70	1.10	0.00	27.80	0.00	0.00	0.00	0.59	163.00	1.44	0.06	0.05	4.65	0.54	1.80	-1.87	138.10	
306.00	455.00	24.00	0.00	158.00	5088.00	0.63	1.28	1.39	192.00	5088.00	32.20	25.00	58.00	7.06	49.86	3.48	0.00	32.20	0.00	0.00	0.00	0.53	158.00	1.40	0.06	0.01	7.03	0.29	31.35	3093.87	124054.73	
307.00	1235.00	116.00	0.00	155.00	5539.00	0.70	1.40	3.07	208.00	5539.00	35.74	25.00	50.00	6.38	40.70	3.89	0.00	35.74	0.00	0.00	0.00	0.54	155.00	1.37	0.05	0.01	7.35	0.18	20.66	133.93	30396.55	
308.00	299.00	799.00	0.00	154.00	5088.00	0.69	1.39	2.73	180.00	5088.00	33.04	25.00	44.00	5.45	29.66	3.46	0.00	33.04	0.00	0.00	0.00	0.54	154.00	1.36	0.00	0.01	7.04	0.26	13.61	207.04	17190.99	
309.00	371.00	95.00	0.00	153.00	6702.00	0.80	1.65	1.49	234.00	6702.00	43.80	23.00	76.00	14.01	196.33	7.62	0.00	43.80	0.00	0.00	0.00	0.60	153.00	1.35	0.06	0.00	7.85	0.08	115.42	4287.78	758451.69	
310.00	776.00	774.00	0.00	153.00	4766.00	0.66	1.33	2.23	182.00	4766.00	31.15	25.00	40.00	4.10	16.80	2.48	0.00	31.15	0.00	0.00	0.00	0.54	153.00	1.35	0.00	0.01	6.68	0.31	10.21	88.07	5085.82	
311.00	1068.00	171.00	0.00	149.00	4196.00	0.64	1.29	2.30	169.00	4196.00	28.16	25.00	33.00	1.96	3.83	1.44	0.00	28.16	0.00	0.00	0.00	0.55	149.00	1.32	0.00	0.04	5.21	0.44	3.31	22.32	327.98	
312.00	95.00	657.00	0.00	149.00	3929.00	0.78	1.58	2.13	208.00	3929.00	26.37	23.00	28.00	1.15	1.33	0.79	0.00	26.37	0.00	0.00	0.00	0.61	149.00	1.32	0.05	0.11	3.73	0.65	1.12	-6.47	49.23	
313.00	867.00	169.00	0.00	139.00	3999.00	0.59	1.24	1.55	180.00	3999.00	28.77	24.00	34.00	2.61	6.80	1.64	0.00	28.77	0.00	0.00	0.00	0.52	139.00	1.23	0.04	0.02	5.99	0.41	5.21	0.75	736.87	
314.00	464.00	98.00	0.00	138.00	4022.00	0.93	2.63	2.60	252.00	4022.00	29.14	25.00	39.00	3.05	9.28	2.40	0.00	29.14	0.00	0.00	0.00	0.70	138.00	1.22	0.00	0.02	5.89	0.35	11.20	173.63	3113.84	
315.00	288.00	529.00	0.00	138.00	5816.00	0.76	1.54	1.67	170.00	5816.00	42.14	25.00	61.00	9.83	96.53	5.19	0.00	42.14	0.00	0.00	0.00	0.55	138.00	1.22	0.05	0.01	7.39	0.18	35.30	-1097.75	177609.73	
316.00	67.00	387.00	0.00	130.00	3448.00	0.89	2.17	2.82	187.00	3448.00	26.52	24.00	28.00	0.93	0.86	0.94	0.00	26.52	0.00	0.00	0.00	0.62	130.00	1.15	0.04	0.10	3.59	0.53	1.61	-0.90	7.90	
317.00	157.00	585.00	0.00	128.00	3563.00	0.80	1.67	1.50	135.00	3563.00	27.84	25.00	33.00	2.22	4.91	1.53	0.00	27.84	0.00	0.00	0.00	0.54	128.00	1.13	0.00	0.03	5.41	0.47	3.51	21.92	502.09	
318.00	604.00	65.00	0.00	110.00	3148.00	0.76	1.55	2.29	144.00	3148.00	28.62	25.00	34.00	1.90	3.60	1.85	0.00	28.62	0.00	0.00	0.00	0.51	110.00	0.97	0.00	0.03	5.30	0.44	5.10	17.43	257.74	
319.00	379.00	265.00	0.00	110.00	2974.00	0.75	1.50	3.00	117.00	2974.00	27.04	22.00	30.00	1.51	2.27	1.17	0.00	27.04	0.00	0.00	0.00	0.51	110.00	0.97	0.03	0.05	4.62	0.53	2.07	-2.62	118.87	
320.00	690.00	158.00	0.00	109.00	3222.00	0.56	1.21	0.02	120.00	3222.00	29.56	24.00	35.00	2.71	7.36	1.69	0.00	29.56	0.00	0.00	0.00	0.48	109.00	0.96	0.06	0.02	5.68	0.38	5.06	-8.84	952.88	
321.00	1040.00	606.00	0.00	107.00	3163.00	0.50	1.16	2.47	132.00	3163.00	29.56	24.00	37.00	3.17	10.06	2.40	0.00	29.56	0.00	0.00	0.00	0.47	107.00	0.95	0.03	0.02	6.16	0.35	7.35	96.90	2439.79	
322.00	2.00	527.00	0.00	106.00	3587.00	0.95	3.20	1.50	120.00	3587.00	33.84	24.00	60.00	9.54	91.05	4.56	0.00	33.84	0.00	0.00	0.00	0.61	106.00	0.94	0.05	0.02	6.45	0.21	40.95	4360.65	196358.16	
323.00	1047.00	198.00	0.00	103.00	2810.00	0.81	1.72	1.90	126.00	2810.00	27.28	24.00	29.00	1.22	1.50	1.32	0.00	27.28	0.00	0.00	0.00	0.52	103.00	0.91	0.00	0.07	4.21	0.53	2.43	-0.77	16.96	
324.00	983.00	2.00	0.00	102.00	4562.00	0.92	2.55	3.06	126.00	4562.00	44.73	25.00	83.00	16.40	268.87	7.95	0.00	44.73	0.00	0.00	0.00	0.57	102.00	0.90	0.05	0.01	7.13	0.11	110.39	16467.69	1538276.50	
325.00	485.00	184.00	0.00	99.00	2595.00	0.76	1.53	2.12	130.00	2595.00	26.21	23.00	29.00	1.26	1.58	0.89	0.00	26.21	0.00	0.00	0.00	0.55	99.00	0.88	0.11	0.06	4.26	0.55	1.55	-0.45	44.07	
326.00	901.00	646.00	0.00	98.00	3183.00	0.51	1.16	2.66	110.00	3183.00	32.48	25.00	42.00	4.47	20.03	3.47	0.00	32.48	0.00	0.00	0.00	0.47	98.00	0.87	0.00	0.01	6.48	0.32	15.45	-8.01	6854.89	
327.00	898.00	852.00	0.00	98.00	3088.00	0.79	1.62	3.10	104.00	3088.00	31.51	25.00	41.00	4.42	19.53	2.62	0.00	31.51	0.00	0.00	0.00	0.50	98.00	0.87	0.00	0.01	6.41	0.31	9.56	234.28	7703.30	
328.00	139.00	533.00	0.00	97.00	2565.00	0.83	1.79	0.20	112.00	2565.00	26.44	24.00	29.00	0.97	0.94	0.84	0.00	26.44	0.00	0.00	0.00	0.52	97.00	0.86	0.08	0.09	3.77	0.57	1.46	-0.61	12.46	
329.00	347.00	607.00	0.00	94.00	2810.00	0.81	1.72	0.44	140.00	2810.00	29.89	25.00	40.00	3.84	14.74	2.43	0.00	29.89	0.00	0.00	0.00	0.52	94.00	0.83	0.06	0.02	6.25	0.38	8.14	259.95	6162.80	
330.00	858.00	691.00	0.00	87.00	2660.00	0.61	1.26	1.50	99.00	2660.00	30.57	25.00	36.00	2.86	8.15	2.19	0.00	30.57	0.00	0.00	0.00	0.47	87.00	0.77	0.07	0.02	5.75	0.32	6.89	-36.41	1049.08	
331.00	515.00	290.00	0.00	84.00	2196.00	0.66	1.33	2.86	117.00	2196.00	26.14	22.00	29.00	1.75	3.06	1.13	0.00	26.14	0.00	0.00	0.00	0.49	84.00	0.74	0.08	0.04	4.76	0.55	1.71	-21.58	262.97	
332.00	622.00	853.00	0.00	81.00	3069.00	0.92	2.60	3.09	102.00	3069.00	37.89	25.00	64.00	10.44	108.95	5.89	0.00	37.89	0.00	0.00	0.00	0.55	81.00	0.72	0.00	0.01	6.81	0.13	46.85	3476.66	239837.03	
333.00	313.00	854.00	0.00	60.00	2025.00	0.97	4.04	0.00	68.00	2025.00	33.75	25.00	47.00	6.46	41.78	4.37	0.00	33.75	0.00	0.00	0.00	0.58	60.00	0.53	0.00	0.02	6.18	0.16	27.14	319.20	25323.99	
334.00	1384.00	58.00	0.00	58.00	1958.00	0.88	2.08	1.78	72.00	1958.00	33.76	24.00	51.00	7.21	52.01	4.65	0.00	33.76	0.00	0.00	0.00	0.48	58.00	0.51	0.03	0.01	6.31	0.13	35.66	691.47	42544.20	
335.00	30.00	75.00	0.00	54.00	1417.00	0.89	2.19	0.02	55.00	1417.00	26.24	23.00	29.00	1.76	3.09	1.27	0.00	26.24	0.00	0.00	0.00	0.49	54.00	0.48	0.11	0.05	4.52	0.47	3.03	-14.96	158.30	
336.00	1383.00	2.00	0.00	48.00	2470.00	0.66	1.33	0.00	48.00	2470.00	51.46	23.00	87.00	18.10	327.53	7.19	0.00	51.46	0.00	0.00	0.00	0.39	48.00	0.42	0.08	0.02	6.04	0.07	73.91	308.14	1799184.25	
337.00	1093.00	835.00	0.00	48.00	1326.00	0.66	1.33	1.57	48.00	1326.00	27.62	25.00	30.00	1.10	1.22	1.26	0.00	27.62	0.00	0.00	0.00	0.39	48.00	0.42	0.00	0.08	3.85	0.54	1.74	0.91	18.47	
338.00	1233.00	767.00	0.00	47.00	1231.00	0.87	2.00	3.11	50.00	1231.00	26.19	25.00	28.00	0.71	0.51	0.87	0.00	26.19	0.00	0.00	0.00	0.43	47.00	0.42	0.08	0.20	2.75	0.67	0.94	0.07	1.54	
339.00	1191.00	182.00	0.00	41.00	1168.00	0.82	1.74	2.21	56.00	1168.00	28.49	25.00	32.00	1.94	3.76	1.62	0.00	28.49	0.00	0.00	0.00	0.42	41.00	0.36	0.13	0.04	4.74	0.33	5.30	0.17	115.70	
