ID	centroid_x	centroid_y	centroid_z	volume	integrated_intensity	eccentricity	elongation	orientation	bounding_box_volume	sum	mean	minimum	maximum	sigma	variance	surface_gradient	interior_gradient	surface_intensity	interior_intensity	intensity_ratio	convexity	radius_variation	surface_area	shape	shared_boundary	t_energy	t_entropy	inverse_diff_moment	inertia	cluster_shade	cluster_prominence	
1.00	1293.00	167.00	0.00	1042.00	87726.00	0.91	2.47	2.34	1980.00	87726.00	84.19	25.00	185.00	43.39	1882.61	11.40	0.00	84.19	0.00	0.00	0.00	1.14	1042.00	9.21	0.01	0.00	10.50	0.04	309.00	202389.77	101834008.00	
2.00	1197.00	147.00	0.00	1004.00	112228.00	0.29	1.04	2.59	1806.00	112228.00	111.78	22.00	255.00	67.67	4579.45	13.37	0.00	111.78	0.00	0.00	0.00	0.80	1004.00	8.88	0.04	0.00	10.47	0.04	471.08	369641.62	535378336.00	
3.00	700.00	142.00	0.00	872.00	78180.00	0.65	1.31	0.94	1221.00	78180.00	89.66	25.00	207.00	55.54	3084.39	12.58	0.00	89.66	0.00	0.00	0.00	0.82	872.00	7.71	0.01	0.00	10.25	0.09	161.49	693723.69	283220576.00	
4.00	1215.00	123.00	0.00	853.00	83038.00	0.56	1.21	0.83	1260.00	83038.00	97.35	24.00	243.00	58.27	3395.01	12.05	0.00	97.35	0.00	0.00	0.00	0.79	853.00	7.54	0.03	0.00	10.22	0.07	251.50	324088.16	279294720.00	
5.00	962.00	824.00	0.00	827.00	57584.00	0.55	1.20	0.64	1292.00	57584.00	69.63	24.00	132.00	29.03	842.72	6.99	0.00	69.63	0.00	0.00	0.00	0.79	827.00	7.31	0.03	0.00	9.97	0.09	72.12	18232.43	18648346.00	
6.00	1097.00	144.00	0.00	807.00	44643.00	0.75	1.50	2.35	1122.00	44643.00	55.32	23.00	121.00	25.37	643.71	6.64	0.00	55.32	0.00	0.00	0.00	0.86	807.00	7.14	0.01	0.00	9.82	0.09	76.37	76830.95	14375014.00	
7.00	721.00	776.00	0.00	807.00	59502.00	0.67	1.34	2.79	1008.00	59502.00	73.73	25.00	151.00	34.48	1189.00	8.97	0.00	73.73	0.00	0.00	0.00	0.81	807.00	7.14	0.01	0.00	10.11	0.08	111.42	111514.16	42116128.00	
8.00	711.00	523.00	0.00	802.00	47441.00	0.79	1.65	2.08	1248.00	47441.00	59.15	25.00	127.00	27.32	746.17	6.93	0.00	59.15	0.00	0.00	0.00	0.86	802.00	7.09	0.02	0.00	9.91	0.13	99.13	86919.56	17464188.00	
9.00	988.00	354.00	0.00	769.00	66555.00	0.60	1.25	2.87	952.00	66555.00	86.55	25.00	167.00	39.88	1590.77	9.84	0.00	86.55	0.00	0.00	0.00	0.80	769.00	6.80	0.02	0.00	10.17	0.11	149.39	-11079.65	63099864.00	
10.00	957.00	210.00	0.00	751.00	55225.00	0.78	1.61	2.89	962.00	55225.00	73.54	24.00	147.00	33.78	1141.18	8.65	0.00	73.54	0.00	0.00	0.00	0.84	751.00	6.64	0.03	0.00	10.08	0.10	117.03	80052.13	35469724.00	
11.00	1015.00	440.00	0.00	748.00	54404.00	0.79	1.64	1.91	1134.00	54404.00	72.73	23.00	160.00	39.15	1532.78	10.56	0.00	72.73	0.00	0.00	0.00	0.85	748.00	6.61	0.03	0.00	10.05	0.08	206.23	271533.94	75544616.00	
12.00	515.00	604.00	0.00	732.00	45733.00	0.45	1.12	3.00	992.00	45733.00	62.48	23.00	124.00	26.27	690.02	7.21	0.00	62.48	0.00	0.00	0.00	0.75	732.00	6.47	0.01	0.00	9.89	0.14	72.44	40453.64	13553548.00	
13.00	489.00	106.00	0.00	730.00	41370.00	0.70	1.40	2.45	960.00	41370.00	56.67	25.00	111.00	24.73	611.79	6.66	0.00	56.67	0.00	0.00	0.00	0.81	730.00	6.45	0.00	0.00	9.68	0.11	72.74	42427.79	10059664.00	
14.00	951.00	278.00	0.00	723.00	37382.00	0.80	1.65	2.30	1155.00	37382.00	51.70	23.00	101.00	20.71	429.06	6.20	0.00	51.70	0.00	0.00	0.00	0.86	723.00	6.39	0.01	0.00	9.69	0.12	79.01	32063.75	5159279.00	
15.00	1179.00	170.00	0.00	705.00	69781.00	0.49	1.15	2.64	1023.00	69781.00	98.98	23.00	201.00	58.59	3432.49	13.29	0.00	98.98	0.00	0.00	0.00	0.75	705.00	6.23	0.04	0.00	10.01	0.04	415.44	274400.34	260954992.00	
16.00	1153.00	446.00	0.00	682.00	46162.00	0.61	1.26	1.34	891.00	46162.00	67.69	25.00	145.00	32.97	1086.89	9.15	0.00	67.69	0.00	0.00	0.00	0.75	682.00	6.03	0.00	0.00	9.90	0.09	115.62	117975.59	34007932.00	
17.00	1138.00	841.00	0.00	680.00	27208.00	0.63	1.29	2.31	870.00	27208.00	40.01	21.00	59.00	9.82	96.52	3.07	0.00	40.01	0.00	0.00	0.00	0.76	680.00	6.01	0.00	0.00	8.42	0.23	13.64	81.42	208001.64	
18.00	941.00	841.00	0.00	675.00	54964.00	0.65	1.32	2.21	960.00	54964.00	81.43	22.00	157.00	38.19	1458.85	10.04	0.00	81.43	0.00	0.00	0.00	0.76	675.00	5.97	0.02	0.00	9.89	0.07	201.51	76494.42	56657144.00	
19.00	998.00	176.00	0.00	673.00	51868.00	0.49	1.15	0.09	837.00	51868.00	77.07	25.00	155.00	34.27	1174.46	8.02	0.00	77.07	0.00	0.00	0.00	0.77	673.00	5.95	0.05	0.00	9.84	0.12	72.81	70810.05	44102456.00	
20.00	581.00	13.00	0.00	671.00	35544.00	0.83	1.80	0.30	925.00	35544.00	52.97	21.00	115.00	23.14	535.35	7.35	0.00	52.97	0.00	0.00	0.00	0.83	671.00	5.93	0.01	0.00	9.54	0.14	55.39	70121.81	10985288.00	
21.00	1159.00	262.00	0.00	670.00	52755.00	0.60	1.25	1.59	945.00	52755.00	78.74	25.00	159.00	38.63	1492.44	10.18	0.00	78.74	0.00	0.00	0.00	0.75	670.00	5.92	0.02	0.00	9.97	0.05	175.44	125602.46	59882556.00	
22.00	1330.00	317.00	0.00	668.00	42898.00	0.78	1.58	2.98	1040.00	42898.00	64.22	25.00	104.00	21.51	462.88	5.74	0.00	64.22	0.00	0.00	0.00	0.79	668.00	5.91	0.04	0.00	9.58	0.11	63.59	-6039.12	5207812.00	
23.00	358.00	588.00	0.00	664.00	45559.00	0.75	1.52	1.85	850.00	45559.00	68.61	23.00	126.00	30.90	954.99	8.88	0.00	68.61	0.00	0.00	0.00	0.78	664.00	5.87	0.01	0.00	9.87	0.09	121.51	40756.79	20809242.00	
24.00	1373.00	21.00	0.00	661.00	40772.00	0.84	1.82	2.22	1015.00	40772.00	61.68	23.00	122.00	28.42	807.57	7.54	0.00	61.68	0.00	0.00	0.00	0.87	661.00	5.84	0.01	0.00	9.71	0.08	116.28	71286.80	17498834.00	
25.00	12.00	67.00	0.00	641.00	38352.00	0.48	1.14	1.32	806.00	38352.00	59.83	22.00	114.00	25.40	645.10	6.91	0.00	59.83	0.00	0.00	0.00	0.73	641.00	5.67	0.01	0.00	9.62	0.17	53.27	38662.59	11279551.00	
26.00	729.00	494.00	0.00	618.00	38235.00	0.76	1.53	2.56	952.00	38235.00	61.87	25.00	121.00	26.06	679.23	7.32	0.00	61.87	0.00	0.00	0.00	0.79	618.00	5.46	0.03	0.00	9.76	0.08	104.56	51431.41	12541970.00	
27.00	477.00	556.00	0.00	613.00	31814.00	0.58	1.23	0.09	891.00	31814.00	51.90	25.00	92.00	19.58	383.33	5.22	0.00	51.90	0.00	0.00	0.00	0.74	613.00	5.42	0.02	0.00	9.24	0.16	27.10	16349.07	4024860.00	
28.00	442.00	36.00	0.00	610.00	36330.00	0.50	1.16	1.04	841.00	36330.00	59.56	23.00	125.00	28.53	814.01	6.84	0.00	59.56	0.00	0.00	0.00	0.75	610.00	5.39	0.04	0.00	9.39	0.17	47.44	81602.91	19930490.00	
29.00	867.00	678.00	0.00	608.00	42810.00	0.77	1.58	0.85	868.00	42810.00	70.41	22.00	152.00	37.51	1407.25	8.36	0.00	70.41	0.00	0.00	0.00	0.82	608.00	5.38	0.04	0.00	9.77	0.11	91.52	229861.17	60246836.00	
30.00	97.00	565.00	0.00	602.00	26328.00	0.63	1.29	2.29	812.00	26328.00	43.73	25.00	77.00	13.81	190.73	3.79	0.00	43.73	0.00	0.00	0.00	0.77	602.00	5.32	0.03	0.00	8.81	0.24	19.67	11202.32	1239709.50	
31.00	1273.00	509.00	0.00	598.00	40227.00	0.68	1.36	2.39	728.00	40227.00	67.27	25.00	127.00	32.23	1038.53	7.70	0.00	67.27	0.00	0.00	0.00	0.77	598.00	5.29	0.02	0.00	9.71	0.09	111.83	56804.05	23959584.00	
32.00	25.00	184.00	0.00	594.00	36189.00	0.71	1.41	2.46	754.00	36189.00	60.92	24.00	107.00	26.81	718.60	7.71	0.00	60.92	0.00	0.00	0.00	0.76	594.00	5.25	0.01	0.00	9.41	0.14	103.66	3052.63	10480012.00	
33.00	57.00	453.00	0.00	589.00	27058.00	0.71	1.42	1.90	744.00	27058.00	45.94	25.00	69.00	12.12	146.99	4.65	0.00	45.94	0.00	0.00	0.00	0.74	589.00	5.21	0.00	0.00	8.99	0.17	33.66	94.07	480091.97	
34.00	1236.00	311.00	0.00	585.00	38826.00	0.75	1.51	2.25	756.00	38826.00	66.37	23.00	115.00	27.00	729.10	8.07	0.00	66.37	0.00	0.00	0.00	0.80	585.00	5.17	0.02	0.00	9.54	0.13	129.16	-4249.54	11284945.00	
35.00	976.00	759.00	0.00	585.00	35938.00	0.74	1.47	2.11	783.00	35938.00	61.43	25.00	106.00	23.37	546.22	7.16	0.00	61.43	0.00	0.00	0.00	0.78	585.00	5.17	0.03	0.00	9.53	0.07	92.57	9795.29	6765946.00	
36.00	438.00	275.00	0.00	581.00	38181.00	0.60	1.25	0.18	806.00	38181.00	65.72	25.00	117.00	27.09	734.09	8.09	0.00	65.72	0.00	0.00	0.00	0.73	581.00	5.14	0.02	0.00	9.58	0.15	55.69	13882.16	13551855.00	
37.00	75.00	670.00	0.00	577.00	28945.00	0.58	1.22	1.63	725.00	28945.00	50.16	23.00	91.00	18.07	326.58	5.68	0.00	50.16	0.00	0.00	0.00	0.73	577.00	5.10	0.00	0.00	9.27	0.16	35.95	9302.24	2819623.50	
38.00	928.00	300.00	0.00	572.00	35968.00	0.68	1.37	2.12	775.00	35968.00	62.88	24.00	127.00	29.67	880.27	8.46	0.00	62.88	0.00	0.00	0.00	0.74	572.00	5.06	0.03	0.00	9.65	0.10	116.88	52956.84	18620098.00	
39.00	751.00	641.00	0.00	569.00	30070.00	0.81	1.69	2.18	780.00	30070.00	52.85	25.00	92.00	19.41	376.63	6.40	0.00	52.85	0.00	0.00	0.00	0.80	569.00	5.03	0.00	0.00	9.41	0.10	70.23	10912.15	3252711.25	
40.00	1081.00	731.00	0.00	562.00	28952.00	0.75	1.51	2.37	841.00	28952.00	51.52	25.00	94.00	19.20	368.60	6.10	0.00	51.52	0.00	0.00	0.00	0.77	562.00	4.97	0.01	0.00	9.38	0.09	64.65	17476.04	3483467.25	
41.00	955.00	321.00	0.00	560.00	30674.00	0.92	2.59	1.97	897.00	30674.00	54.78	25.00	101.00	21.10	445.41	8.05	0.00	54.78	0.00	0.00	0.00	0.93	560.00	4.95	0.00	0.00	9.49	0.07	122.36	14757.96	4386538.50	
42.00	697.00	619.00	0.00	559.00	35536.00	0.50	1.16	2.40	729.00	35536.00	63.57	22.00	115.00	25.23	636.69	7.68	0.00	63.57	0.00	0.00	0.00	0.70	559.00	4.94	0.04	0.00	9.58	0.09	93.42	8362.49	10372071.00	
43.00	1251.00	14.00	0.00	557.00	37596.00	0.69	1.38	2.83	690.00	37596.00	67.50	25.00	125.00	31.24	975.67	9.61	0.00	67.50	0.00	0.00	0.00	0.73	557.00	4.93	0.00	0.00	9.59	0.09	136.57	33809.37	20902262.00	
44.00	858.00	320.00	0.00	557.00	27678.00	0.76	1.53	3.00	682.00	27678.00	49.69	25.00	80.00	15.82	250.16	4.55	0.00	49.69	0.00	0.00	0.00	0.76	557.00	4.93	0.02	0.00	8.98	0.16	25.41	942.55	1425379.88	
45.00	734.00	184.00	0.00	554.00	34542.00	0.78	1.59	2.11	775.00	34542.00	62.35	25.00	121.00	26.04	678.21	8.85	0.00	62.35	0.00	0.00	0.00	0.77	554.00	4.90	0.00	0.00	9.58	0.07	123.95	21823.66	10767465.00	
46.00	973.00	173.00	0.00	553.00	30467.00	0.87	2.03	2.35	957.00	30467.00	55.09	21.00	111.00	22.86	522.63	7.43	0.00	55.09	0.00	0.00	0.00	0.90	553.00	4.89	0.03	0.00	9.53	0.09	127.52	28655.40	7226939.50	
47.00	170.00	73.00	0.00	552.00	30564.00	0.70	1.39	2.48	729.00	30564.00	55.37	25.00	108.00	24.17	584.05	7.18	0.00	55.37	0.00	0.00	0.00	0.76	552.00	4.88	0.00	0.00	9.44	0.11	77.20	47622.54	9073245.00	
48.00	1296.00	637.00	0.00	552.00	34959.00	0.73	1.46	1.22	696.00	34959.00	63.33	22.00	123.00	26.53	703.67	8.01	0.00	63.33	0.00	0.00	0.00	0.74	552.00	4.88	0.03	0.00	9.49	0.11	59.20	50877.52	14505083.00	
49.00	775.00	672.00	0.00	552.00	28184.00	0.68	1.36	2.70	837.00	28184.00	51.06	25.00	83.00	17.19	295.38	5.46	0.00	51.06	0.00	0.00	0.00	0.72	552.00	4.88	0.02	0.00	9.15	0.10	53.14	1276.02	1901927.00	
50.00	630.00	119.00	0.00	547.00	37751.00	0.84	1.83	2.62	825.00	37751.00	69.01	24.00	116.00	27.15	737.39	7.39	0.00	69.01	0.00	0.00	0.00	0.82	547.00	4.84	0.04	0.00	9.58	0.14	84.63	-17776.60	12313857.00	
51.00	808.00	520.00	0.00	546.00	36731.00	0.53	1.18	2.59	810.00	36731.00	67.27	23.00	115.00	28.14	791.67	8.15	0.00	67.27	0.00	0.00	0.00	0.71	546.00	4.83	0.03	0.00	9.43	0.15	78.72	-2106.57	14624901.00	
52.00	1314.00	136.00	0.00	545.00	43215.00	0.82	1.75	2.49	800.00	43215.00	79.29	25.00	160.00	39.79	1583.44	12.07	0.00	79.29	0.00	0.00	0.00	0.81	545.00	4.82	0.02	0.00	9.72	0.05	318.61	106451.29	62353164.00	
53.00	838.00	521.00	0.00	545.00	30659.00	0.68	1.37	1.52	744.00	30659.00	56.26	25.00	95.00	20.44	417.87	6.20	0.00	56.26	0.00	0.00	0.00	0.71	545.00	4.82	0.02	0.00	9.34	0.11	55.77	1918.88	3895055.75	
54.00	621.00	525.00	0.00	545.00	42387.00	0.73	1.45	1.49	736.00	42387.00	77.77	23.00	134.00	30.67	940.68	8.75	0.00	77.77	0.00	0.00	0.00	0.75	545.00	4.82	0.05	0.00	9.56	0.13	122.32	-26969.48	21380976.00	
55.00	352.00	99.00	0.00	541.00	37645.00	0.45	1.12	2.83	624.00	37645.00	69.58	22.00	130.00	31.17	971.41	9.34	0.00	69.58	0.00	0.00	0.00	0.72	541.00	4.78	0.01	0.00	9.58	0.07	113.66	32507.16	22800590.00	
56.00	719.00	627.00	0.00	541.00	29903.00	0.79	1.61	2.46	754.00	29903.00	55.27	22.00	92.00	19.34	374.05	6.68	0.00	55.27	0.00	0.00	0.00	0.78	541.00	4.78	0.02	0.00	9.32	0.15	89.80	732.87	2943843.75	
57.00	987.00	733.00	0.00	538.00	34379.00	0.66	1.33	2.30	783.00	34379.00	63.90	24.00	117.00	27.94	780.64	7.50	0.00	63.90	0.00	0.00	0.00	0.75	538.00	4.76	0.04	0.00	9.54	0.07	120.04	36165.21	15023809.00	
58.00	25.00	370.00	0.00	535.00	39215.00	0.43	1.11	1.71	675.00	39215.00	73.30	25.00	135.00	31.83	1013.27	8.97	0.00	73.30	0.00	0.00	0.00	0.71	535.00	4.73	0.02	0.00	9.57	0.09	89.69	-1866.88	24600470.00	
59.00	985.00	440.00	0.00	535.00	31765.00	0.83	1.79	2.55	780.00	31765.00	59.37	22.00	115.00	28.63	819.81	8.83	0.00	59.37	0.00	0.00	0.00	0.82	535.00	4.73	0.02	0.00	9.43	0.07	180.25	33935.01	14151761.00	
60.00	196.00	468.00	0.00	535.00	25342.00	0.57	1.22	2.23	624.00	25342.00	47.37	25.00	75.00	14.64	214.34	5.14	0.00	47.37	0.00	0.00	0.00	0.73	535.00	4.73	0.00	0.00	9.04	0.13	39.91	693.90	965392.44	
61.00	1228.00	751.00	0.00	534.00	26104.00	0.65	1.32	0.87	650.00	26104.00	48.88	24.00	91.00	18.62	346.77	5.70	0.00	48.88	0.00	0.00	0.00	0.73	534.00	4.72	0.01	0.00	9.09	0.15	29.56	22006.82	3506633.25	
62.00	746.00	475.00	0.00	527.00	33326.00	0.44	1.11	2.73	756.00	33326.00	63.24	24.00	106.00	22.08	487.49	6.72	0.00	63.24	0.00	0.00	0.00	0.71	527.00	4.66	0.04	0.00	9.38	0.11	78.69	-8988.84	5490048.00	
63.00	560.00	33.00	0.00	526.00	33383.00	0.73	1.47	2.33	729.00	33383.00	63.47	22.00	118.00	27.21	740.17	8.70	0.00	63.47	0.00	0.00	0.00	0.75	526.00	4.65	0.01	0.00	9.56	0.11	130.35	20284.39	11856412.00	
64.00	838.00	136.00	0.00	526.00	42035.00	0.76	1.55	2.26	700.00	42035.00	79.91	25.00	181.00	43.33	1877.69	13.73	0.00	79.91	0.00	0.00	0.00	0.76	526.00	4.65	0.00	0.00	9.64	0.05	344.73	289394.88	101437816.00	
65.00	340.00	423.00	0.00	525.00	27938.00	0.47	1.13	2.70	676.00	27938.00	53.22	21.00	100.00	21.14	446.84	6.34	0.00	53.22	0.00	0.00	0.00	0.70	525.00	4.64	0.01	0.00	9.32	0.09	56.28	24634.50	5346408.50	
66.00	1293.00	609.00	0.00	523.00	26203.00	0.54	1.19	2.40	756.00	26203.00	50.10	22.00	79.00	15.29	233.84	4.70	0.00	50.10	0.00	0.00	0.00	0.75	523.00	4.62	0.03	0.00	8.93	0.24	40.13	-5771.81	1285098.75	
67.00	1052.00	496.00	0.00	522.00	29700.00	0.70	1.41	2.49	675.00	29700.00	56.90	25.00	106.00	23.96	573.92	7.62	0.00	56.90	0.00	0.00	0.00	0.73	522.00	4.62	0.00	0.00	9.46	0.07	92.71	26298.59	7713223.00	
68.00	551.00	108.00	0.00	521.00	34018.00	0.74	1.48	2.36	676.00	34018.00	65.29	23.00	114.00	27.02	730.08	9.03	0.00	65.29	0.00	0.00	0.00	0.75	521.00	4.61	0.00	0.00	9.48	0.09	143.14	491.96	10503684.00	
69.00	326.00	682.00	0.00	520.00	31696.00	0.48	1.14	2.37	625.00	31696.00	60.95	25.00	115.00	25.68	659.39	8.17	0.00	60.95	0.00	0.00	0.00	0.70	520.00	4.60	0.00	0.00	9.47	0.10	85.70	37209.48	10987146.00	
70.00	806.00	800.00	0.00	520.00	28897.00	0.79	1.64	2.52	725.00	28897.00	55.57	25.00	106.00	23.02	530.10	7.60	0.00	55.57	0.00	0.00	0.00	0.77	520.00	4.60	0.00	0.00	9.45	0.07	100.53	26320.94	6706783.00	
71.00	990.00	332.00	0.00	519.00	39558.00	0.48	1.14	3.02	725.00	39558.00	76.22	23.00	133.00	34.30	1176.60	8.91	0.00	76.22	0.00	0.00	0.00	0.75	519.00	4.59	0.05	0.00	9.51	0.07	146.47	-22166.69	30569440.00	
72.00	1331.00	732.00	0.00	519.00	22792.00	0.63	1.28	2.44	650.00	22792.00	43.92	25.00	73.00	14.00	195.94	4.52	0.00	43.92	0.00	0.00	0.00	0.71	519.00	4.59	0.00	0.00	8.92	0.15	31.06	5035.31	900887.06	
73.00	883.00	729.00	0.00	517.00	35956.00	0.66	1.33	1.98	700.00	35956.00	69.55	25.00	120.00	27.62	762.89	8.68	0.00	69.55	0.00	0.00	0.00	0.73	517.00	4.57	0.03	0.00	9.50	0.07	139.73	-7610.96	12948062.00	
74.00	545.00	823.00	0.00	515.00	30776.00	0.61	1.26	2.46	784.00	30776.00	59.76	25.00	105.00	23.24	540.28	7.30	0.00	59.76	0.00	0.00	0.00	0.70	515.00	4.55	0.02	0.00	9.39	0.07	94.16	13297.56	6684149.50	
75.00	507.00	232.00	0.00	513.00	20429.00	0.73	1.46	3.13	630.00	20429.00	39.82	23.00	64.00	11.19	125.16	3.68	0.00	39.82	0.00	0.00	0.00	0.72	513.00	4.54	0.00	0.00	8.56	0.23	19.10	2854.55	379697.00	
76.00	1183.00	219.00	0.00	512.00	28716.00	0.80	1.66	2.51	810.00	28716.00	56.09	25.00	100.00	21.93	480.83	7.37	0.00	56.09	0.00	0.00	0.00	0.77	512.00	4.53	0.02	0.00	9.44	0.07	105.59	17258.81	5296317.00	
77.00	188.00	641.00	0.00	512.00	33203.00	0.67	1.35	2.36	675.00	33203.00	64.85	25.00	120.00	27.52	757.55	8.61	0.00	64.85	0.00	0.00	0.00	0.73	512.00	4.53	0.02	0.00	9.52	0.10	126.16	29938.95	13649999.00	
78.00	1298.00	663.00	0.00	512.00	24161.00	0.61	1.26	2.08	675.00	24161.00	47.19	22.00	82.00	15.76	248.22	4.89	0.00	47.19	0.00	0.00	0.00	0.72	512.00	4.53	0.03	0.00	9.08	0.13	37.85	7433.36	1550394.38	
79.00	1350.00	299.00	0.00	510.00	31079.00	0.69	1.38	2.61	696.00	31079.00	60.94	25.00	96.00	20.73	429.93	7.21	0.00	60.94	0.00	0.00	0.00	0.72	510.00	4.51	0.02	0.00	9.37	0.12	100.06	-8911.77	3810650.75	
80.00	1024.00	382.00	0.00	510.00	32481.00	0.81	1.72	2.24	700.00	32481.00	63.69	25.00	109.00	25.69	659.80	9.09	0.00	63.69	0.00	0.00	0.00	0.79	510.00	4.51	0.00	0.00	9.46	0.07	154.15	-661.70	8247256.50	
81.00	927.00	665.00	0.00	509.00	30997.00	0.80	1.68	2.46	780.00	30997.00	60.90	25.00	104.00	23.97	574.68	8.50	0.00	60.90	0.00	0.00	0.00	0.79	509.00	4.50	0.01	0.00	9.38	0.05	140.61	3695.56	6511244.00	
82.00	1017.00	754.00	0.00	506.00	29527.00	0.68	1.36	1.82	616.00	29527.00	58.35	25.00	110.00	24.64	607.28	8.09	0.00	58.35	0.00	0.00	0.00	0.71	506.00	4.47	0.00	0.00	9.49	0.08	88.50	37616.56	9403536.00	
83.00	1279.00	770.00	0.00	506.00	32030.00	0.46	1.13	0.46	648.00	32030.00	63.30	21.00	112.00	25.68	659.70	8.36	0.00	63.30	0.00	0.00	0.00	0.69	506.00	4.47	0.02	0.00	9.50	0.11	78.09	10116.85	10065382.00	
84.00	483.00	515.00	0.00	504.00	32125.00	0.67	1.34	2.19	702.00	32125.00	63.74	25.00	123.00	28.68	822.34	9.14	0.00	63.74	0.00	0.00	0.00	0.71	504.00	4.46	0.01	0.00	9.53	0.07	133.73	44934.13	15944226.00	
85.00	709.00	668.00	0.00	504.00	24621.00	0.60	1.25	2.56	600.00	24621.00	48.85	23.00	92.00	19.31	372.70	5.99	0.00	48.85	0.00	0.00	0.00	0.71	504.00	4.46	0.01	0.00	9.16	0.11	56.56	20540.17	3776450.00	
86.00	788.00	846.00	0.00	502.00	20796.00	0.74	1.47	2.95	580.00	20796.00	41.43	21.00	63.00	10.73	115.04	3.61	0.00	41.43	0.00	0.00	0.00	0.73	502.00	4.44	0.00	0.00	8.55	0.19	18.44	1040.04	311168.31	
87.00	1078.00	428.00	0.00	499.00	30228.00	0.79	1.62	2.19	672.00	30228.00	60.58	25.00	104.00	24.07	579.35	8.45	0.00	60.58	0.00	0.00	0.00	0.76	499.00	4.41	0.00	0.00	9.38	0.09	125.91	5692.11	6792736.00	
88.00	1076.00	130.00	0.00	495.00	25198.00	0.62	1.28	2.39	576.00	25198.00	50.91	23.00	91.00	20.60	424.28	6.50	0.00	50.91	0.00	0.00	0.00	0.72	495.00	4.38	0.02	0.00	9.03	0.18	98.64	6622.20	3824144.75	
89.00	900.00	709.00	0.00	492.00	32370.00	0.72	1.44	2.32	728.00	32370.00	65.79	25.00	112.00	25.69	660.15	8.12	0.00	65.79	0.00	0.00	0.00	0.72	492.00	4.35	0.03	0.00	9.47	0.09	137.36	-8869.03	8999146.00	
90.00	974.00	16.00	0.00	491.00	32897.00	0.24	1.03	0.08	675.00	32897.00	67.00	25.00	132.00	31.44	988.26	9.33	0.00	67.00	0.00	0.00	0.00	0.68	491.00	4.34	0.03	0.00	9.49	0.11	95.12	77932.28	26635160.00	
91.00	756.00	343.00	0.00	491.00	37436.00	0.59	1.24	2.49	575.00	37436.00	76.24	21.00	135.00	34.01	1156.54	10.53	0.00	76.24	0.00	0.00	0.00	0.71	491.00	4.34	0.02	0.00	9.55	0.09	202.24	-37317.57	28226682.00	
92.00	78.00	480.00	0.00	489.00	34666.00	0.72	1.44	2.53	648.00	34666.00	70.89	25.00	133.00	32.95	1085.72	10.92	0.00	70.89	0.00	0.00	0.00	0.72	489.00	4.32	0.00	0.00	9.57	0.07	196.01	41629.36	25842698.00	
93.00	872.00	579.00	0.00	487.00	28769.00	0.91	2.36	2.31	840.00	28769.00	59.07	25.00	100.00	23.57	555.51	9.33	0.00	59.07	0.00	0.00	0.00	0.91	487.00	4.31	0.00	0.00	9.32	0.06	207.23	-4032.19	5319572.00	
94.00	100.00	134.00	0.00	486.00	37009.00	0.65	1.31	3.02	567.00	37009.00	76.15	24.00	190.00	44.23	1955.99	13.49	0.00	76.15	0.00	0.00	0.00	0.70	486.00	4.30	0.01	0.00	9.61	0.05	298.42	418877.91	129193288.00	
95.00	641.00	524.00	0.00	486.00	31634.00	0.42	1.10	2.09	624.00	31634.00	65.09	24.00	104.00	23.61	557.40	7.19	0.00	65.09	0.00	0.00	0.00	0.71	486.00	4.30	0.04	0.00	9.34	0.12	91.69	-21837.76	6947275.50	
96.00	398.00	159.00	0.00	485.00	38401.00	0.41	1.10	2.30	576.00	38401.00	79.18	25.00	158.00	40.50	1640.05	12.92	0.00	79.18	0.00	0.00	0.00	0.69	485.00	4.29	0.00	0.00	9.53	0.06	218.92	105197.09	63143080.00	
97.00	1088.00	340.00	0.00	485.00	32159.00	0.77	1.56	1.81	620.00	32159.00	66.31	25.00	129.00	32.19	1036.18	10.40	0.00	66.31	0.00	0.00	0.00	0.72	485.00	4.29	0.01	0.00	9.50	0.07	166.70	61204.95	24851304.00	
98.00	1273.00	463.00	0.00	485.00	29991.00	0.65	1.32	2.18	598.00	29991.00	61.84	25.00	107.00	24.26	588.39	8.40	0.00	61.84	0.00	0.00	0.00	0.70	485.00	4.29	0.00	0.00	9.43	0.09	106.84	5130.08	7362923.00	
99.00	130.00	546.00	0.00	485.00	20916.00	0.43	1.11	3.11	728.00	20916.00	43.13	25.00	69.00	13.60	184.86	4.32	0.00	43.13	0.00	0.00	0.00	0.69	485.00	4.29	0.02	0.00	8.56	0.26	26.74	743.43	722468.81	
100.00	239.00	101.00	0.00	483.00	22044.00	0.50	1.15	1.73	572.00	22044.00	45.64	25.00	74.00	12.39	153.62	3.89	0.00	45.64	0.00	0.00	0.00	0.71	483.00	4.27	0.02	0.00	8.70	0.19	20.65	1095.98	580456.69	
101.00	628.00	141.00	0.00	482.00	35920.00	0.54	1.19	2.57	624.00	35920.00	74.52	23.00	130.00	31.30	979.68	8.89	0.00	74.52	0.00	0.00	0.00	0.69	482.00	4.26	0.04	0.00	9.43	0.10	157.83	-34134.24	20563126.00	
102.00	1090.00	398.00	0.00	481.00	29927.00	0.80	1.65	2.60	644.00	29927.00	62.22	25.00	108.00	25.02	626.09	8.97	0.00	62.22	0.00	0.00	0.00	0.76	481.00	4.25	0.00	0.00	9.37	0.08	148.92	-1176.18	7681635.00	
103.00	102.00	290.00	0.00	478.00	15623.00	0.69	1.38	1.69	638.00	15623.00	32.68	24.00	49.00	5.99	35.91	1.96	0.00	32.68	0.00	0.00	0.00	0.71	478.00	4.23	0.02	0.01	7.35	0.36	6.43	1007.16	43517.45	
104.00	426.00	419.00	0.00	478.00	33316.00	0.29	1.05	0.61	552.00	33316.00	69.70	23.00	124.00	29.38	863.05	9.53	0.00	69.70	0.00	0.00	0.00	0.68	478.00	4.23	0.02	0.00	9.45	0.10	99.63	2436.00	16959520.00	
105.00	465.00	476.00	0.00	478.00	31955.00	0.68	1.37	2.82	567.00	31955.00	66.85	25.00	121.00	30.09	905.14	9.97	0.00	66.85	0.00	0.00	0.00	0.71	478.00	4.23	0.00	0.00	9.50	0.07	153.31	26291.59	17136826.00	
106.00	191.00	507.00	0.00	477.00	32016.00	0.41	1.10	0.78	576.00	32016.00	67.12	25.00	120.00	27.74	769.55	9.54	0.00	67.12	0.00	0.00	0.00	0.67	477.00	4.22	0.00	0.00	9.41	0.12	100.26	5080.75	13210003.00	
107.00	854.00	185.00	0.00	476.00	26934.00	0.72	1.43	2.56	648.00	26934.00	56.58	25.00	89.00	19.01	361.29	6.97	0.00	56.58	0.00	0.00	0.00	0.73	476.00	4.21	0.01	0.00	9.13	0.15	94.04	-11043.13	2425319.50	
108.00	916.00	325.00	0.00	476.00	31047.00	0.62	1.28	2.10	598.00	31047.00	65.22	25.00	115.00	27.97	782.54	9.17	0.00	65.22	0.00	0.00	0.00	0.69	476.00	4.21	0.01	0.00	9.38	0.09	131.46	16755.11	12518556.00	
109.00	1267.00	533.00	0.00	476.00	35504.00	0.57	1.21	2.19	552.00	35504.00	74.59	25.00	128.00	33.05	1092.10	10.09	0.00	74.59	0.00	0.00	0.00	0.71	476.00	4.21	0.02	0.00	9.44	0.06	156.06	-9711.29	24029446.00	
110.00	421.00	31.00	0.00	475.00	25460.00	0.60	1.25	1.90	572.00	25460.00	53.60	25.00	84.00	17.24	297.38	4.99	0.00	53.60	0.00	0.00	0.00	0.70	475.00	4.20	0.03	0.00	8.84	0.22	28.30	-7515.88	1930084.38	
111.00	983.00	36.00	0.00	475.00	28478.00	0.68	1.36	2.42	625.00	28478.00	59.95	25.00	113.00	25.53	651.63	8.12	0.00	59.95	0.00	0.00	0.00	0.71	475.00	4.20	0.02	0.00	9.43	0.09	103.30	41397.20	11092902.00	
112.00	207.00	737.00	0.00	474.00	23085.00	0.28	1.04	1.95	576.00	23085.00	48.70	25.00	88.00	17.90	320.53	5.79	0.00	48.70	0.00	0.00	0.00	0.67	474.00	4.19	0.00	0.00	9.08	0.17	39.97	17724.79	2839214.00	
113.00	905.00	359.00	0.00	473.00	28229.00	0.70	1.40	2.31	600.00	28229.00	59.68	22.00	117.00	27.68	766.09	8.80	0.00	59.68	0.00	0.00	0.00	0.71	473.00	4.18	0.01	0.00	9.40	0.08	130.99	58484.76	14598615.00	
114.00	1370.00	89.00	0.00	472.00	31286.00	0.70	1.41	2.35	625.00	31286.00	66.28	23.00	136.00	32.53	1058.51	10.58	0.00	66.28	0.00	0.00	0.00	0.71	472.00	4.17	0.01	0.00	9.51	0.07	195.63	74557.98	26246836.00	
115.00	449.00	298.00	0.00	472.00	24558.00	0.84	1.85	1.27	682.00	24558.00	52.03	25.00	87.00	18.60	345.94	6.43	0.00	52.03	0.00	0.00	0.00	0.77	472.00	4.17	0.02	0.00	8.98	0.15	30.41	6977.10	2852690.00	
116.00	752.00	365.00	0.00	470.00	30654.00	0.70	1.40	2.36	600.00	30654.00	65.22	25.00	127.00	27.70	767.20	8.79	0.00	65.22	0.00	0.00	0.00	0.73	470.00	4.16	0.02	0.00	9.38	0.07	132.76	27532.25	14328983.00	
117.00	1220.00	384.00	0.00	469.00	31366.00	0.77	1.57	2.07	616.00	31366.00	66.88	25.00	118.00	28.63	819.83	10.17	0.00	66.88	0.00	0.00	0.00	0.73	469.00	4.15	0.00	0.00	9.35	0.07	172.44	9018.43	13354743.00	
118.00	1142.00	481.00	0.00	466.00	32124.00	0.66	1.34	2.15	648.00	32124.00	68.94	25.00	131.00	32.61	1063.71	10.60	0.00	68.94	0.00	0.00	0.00	0.69	466.00	4.12	0.02	0.00	9.40	0.06	180.51	58815.18	25415250.00	
119.00	464.00	736.00	0.00	466.00	30003.00	0.69	1.38	2.31	576.00	30003.00	64.38	25.00	114.00	26.94	725.54	9.26	0.00	64.38	0.00	0.00	0.00	0.71	466.00	4.12	0.00	0.00	9.39	0.08	135.81	15051.35	11054028.00	
120.00	858.00	300.00	0.00	464.00	32830.00	0.66	1.32	2.35	552.00	32830.00	70.75	22.00	155.00	36.22	1311.63	11.30	0.00	70.75	0.00	0.00	0.00	0.72	464.00	4.10	0.02	0.00	9.53	0.06	235.44	179172.97	52044340.00	
121.00	528.00	839.00	0.00	464.00	26609.00	0.52	1.17	3.14	780.00	26609.00	57.35	25.00	105.00	21.69	470.46	6.48	0.00	57.35	0.00	0.00	0.00	0.66	464.00	4.10	0.05	0.00	9.19	0.07	76.72	13166.82	5622922.00	
122.00	1105.00	64.00	0.00	463.00	32819.00	0.67	1.35	2.29	600.00	32819.00	70.88	22.00	142.00	34.52	1191.75	11.44	0.00	70.88	0.00	0.00	0.00	0.70	463.00	4.09	0.00	0.00	9.51	0.07	206.27	74681.81	33649492.00	
123.00	336.00	632.00	0.00	463.00	34174.00	0.63	1.29	2.21	575.00	34174.00	73.81	25.00	138.00	34.75	1207.27	11.65	0.00	73.81	0.00	0.00	0.00	0.69	463.00	4.09	0.00	0.00	9.46	0.08	200.74	49016.54	32607202.00	
124.00	711.00	340.00	0.00	462.00	32609.00	0.76	1.54	0.20	570.00	32609.00	70.58	25.00	125.00	31.80	1011.37	8.58	0.00	70.58	0.00	0.00	0.00	0.71	462.00	4.09	0.02	0.00	9.34	0.15	51.47	40874.20	24087264.00	
125.00	1025.00	624.00	0.00	461.00	23738.00	0.89	2.17	2.02	704.00	23738.00	51.49	22.00	86.00	17.57	308.63	7.36	0.00	51.49	0.00	0.00	0.00	0.83	461.00	4.08	0.01	0.00	9.20	0.11	115.98	2188.48	1835647.12	
126.00	1053.00	244.00	0.00	459.00	24992.00	0.66	1.33	2.06	700.00	24992.00	54.45	25.00	97.00	20.78	431.83	6.89	0.00	54.45	0.00	0.00	0.00	0.70	459.00	4.06	0.02	0.00	9.19	0.06	83.98	7761.89	4125944.25	
127.00	655.00	506.00	0.00	458.00	36954.00	0.59	1.24	2.91	672.00	36954.00	80.69	25.00	141.00	36.67	1344.58	11.44	0.00	80.69	0.00	0.00	0.00	0.67	458.00	4.05	0.04	0.00	9.43	0.07	252.92	5844.09	38344592.00	
128.00	998.00	712.00	0.00	457.00	40570.00	0.63	1.29	2.71	750.00	40570.00	88.77	24.00	154.00	38.80	1505.43	10.35	0.00	88.77	0.00	0.00	0.00	0.69	457.00	4.04	0.07	0.00	9.48	0.05	249.71	-94794.05	54255320.00	
129.00	795.00	94.00	0.00	456.00	28250.00	0.66	1.32	2.35	650.00	28250.00	61.95	25.00	109.00	26.00	675.92	8.39	0.00	61.95	0.00	0.00	0.00	0.68	456.00	4.03	0.02	0.00	9.28	0.08	150.05	-1281.27	9444886.00	
130.00	999.00	310.00	0.00	456.00	29635.00	0.70	1.40	1.90	594.00	29635.00	64.99	25.00	107.00	25.27	638.40	8.00	0.00	64.99	0.00	0.00	0.00	0.70	456.00	4.03	0.02	0.00	9.31	0.07	117.67	-14411.79	8217864.50	
131.00	270.00	52.00	0.00	455.00	21083.00	0.73	1.47	0.65	783.00	21083.00	46.34	25.00	77.00	13.70	187.55	4.66	0.00	46.34	0.00	0.00	0.00	0.73	455.00	4.02	0.02	0.00	8.49	0.28	10.36	1196.15	912114.19	
132.00	232.00	806.00	0.00	454.00	33687.00	0.66	1.33	2.34	576.00	33687.00	74.20	25.00	133.00	35.23	1241.23	12.06	0.00	74.20	0.00	0.00	0.00	0.70	454.00	4.01	0.00	0.00	9.37	0.06	235.36	27217.01	30851664.00	
133.00	19.00	296.00	0.00	451.00	14077.00	0.70	1.41	0.88	675.00	14077.00	31.21	24.00	43.00	4.16	17.27	1.69	0.00	31.21	0.00	0.00	0.00	0.74	451.00	3.99	0.04	0.01	6.81	0.43	5.56	278.63	9368.36	
134.00	754.00	688.00	0.00	451.00	21366.00	0.72	1.43	2.47	676.00	21366.00	47.37	22.00	77.00	14.94	223.28	5.18	0.00	47.37	0.00	0.00	0.00	0.70	451.00	3.99	0.02	0.00	8.95	0.09	52.45	1667.22	1058943.12	
135.00	527.00	581.00	0.00	450.00	27172.00	0.68	1.37	2.19	675.00	27172.00	60.38	25.00	108.00	24.42	596.13	8.10	0.00	60.38	0.00	0.00	0.00	0.71	450.00	3.98	0.03	0.00	9.31	0.07	123.94	18958.34	7857226.50	
136.00	258.00	103.00	0.00	449.00	25653.00	0.75	1.51	1.45	589.00	25653.00	57.13	24.00	100.00	18.62	346.58	5.82	0.00	57.13	0.00	0.00	0.00	0.75	449.00	3.97	0.05	0.00	8.96	0.17	38.47	3099.34	3907206.50	
137.00	424.00	442.00	0.00	448.00	26118.00	0.68	1.36	1.79	520.00	26118.00	58.30	23.00	105.00	23.52	553.39	7.81	0.00	58.30	0.00	0.00	0.00	0.70	448.00	3.96	0.02	0.00	9.24	0.08	84.37	23662.12	7427519.50	
138.00	1330.00	256.00	0.00	447.00	29310.00	0.72	1.44	2.28	576.00	29310.00	65.57	24.00	113.00	26.69	712.48	8.62	0.00	65.57	0.00	0.00	0.00	0.74	447.00	3.95	0.02	0.00	9.30	0.07	127.89	-5916.91	10399917.00	
139.00	1147.00	284.00	0.00	447.00	36034.00	0.53	1.18	2.24	600.00	36034.00	80.61	24.00	134.00	33.87	1147.31	10.23	0.00	80.61	0.00	0.00	0.00	0.68	447.00	3.95	0.05	0.00	9.31	0.06	230.93	-76781.48	26890750.00	
140.00	1234.00	335.00	0.00	446.00	33674.00	0.53	1.18	2.23	529.00	33674.00	75.50	25.00	141.00	34.26	1173.95	11.24	0.00	75.50	0.00	0.00	0.00	0.69	446.00	3.94	0.02	0.00	9.46	0.08	194.01	18789.51	31543614.00	
141.00	44.00	374.00	0.00	445.00	25120.00	0.63	1.29	1.59	520.00	25120.00	56.45	22.00	100.00	24.40	595.27	5.99	0.00	56.45	0.00	0.00	0.00	0.71	445.00	3.93	0.04	0.00	8.96	0.13	45.15	21460.40	8167352.50	
142.00	605.00	372.00	0.00	442.00	29316.00	0.65	1.31	2.44	552.00	29316.00	66.33	25.00	120.00	28.47	810.61	10.16	0.00	66.33	0.00	0.00	0.00	0.69	442.00	3.91	0.00	0.00	9.37	0.06	159.52	21904.26	14152996.00	
143.00	101.00	323.00	0.00	441.00	28910.00	0.67	1.35	2.19	552.00	28910.00	65.56	25.00	127.00	31.07	965.17	10.69	0.00	65.56	0.00	0.00	0.00	0.71	441.00	3.90	0.00	0.00	9.41	0.08	194.17	65721.59	21961350.00	
144.00	1014.00	144.00	0.00	440.00	36962.00	0.61	1.26	2.94	594.00	36962.00	84.00	25.00	191.00	48.57	2358.63	14.88	0.00	84.00	0.00	0.00	0.00	0.68	440.00	3.89	0.02	0.00	9.48	0.04	365.32	439870.03	166423696.00	
145.00	868.00	658.00	0.00	439.00	34176.00	0.71	1.42	0.41	572.00	34176.00	77.85	25.00	156.00	37.18	1382.42	9.83	0.00	77.85	0.00	0.00	0.00	0.70	439.00	3.88	0.03	0.00	9.42	0.05	133.79	95043.41	48726640.00	
146.00	676.00	558.00	0.00	438.00	26800.00	0.75	1.52	2.98	532.00	26800.00	61.19	25.00	94.00	22.01	484.62	6.67	0.00	61.19	0.00	0.00	0.00	0.72	438.00	3.87	0.03	0.00	9.09	0.15	76.16	-22036.47	4706177.50	
147.00	203.00	246.00	0.00	437.00	28447.00	0.73	1.47	2.42	576.00	28447.00	65.10	25.00	155.00	37.09	1375.33	12.51	0.00	65.10	0.00	0.00	0.00	0.72	437.00	3.86	0.00	0.00	9.35	0.05	344.77	264576.22	61826412.00	
148.00	686.00	657.00	0.00	437.00	16137.00	0.71	1.42	2.90	540.00	16137.00	36.93	23.00	59.00	9.83	96.55	3.42	0.00	36.93	0.00	0.00	0.00	0.69	437.00	3.86	0.01	0.00	8.31	0.20	18.22	2840.38	251654.95	
149.00	860.00	777.00	0.00	437.00	33400.00	0.61	1.26	2.04	575.00	33400.00	76.43	25.00	141.00	38.21	1460.03	11.54	0.00	76.43	0.00	0.00	0.00	0.69	437.00	3.86	0.02	0.00	9.31	0.05	270.22	45619.32	44470260.00	
150.00	1330.00	276.00	0.00	436.00	27280.00	0.41	1.10	2.80	550.00	27280.00	62.57	25.00	107.00	22.99	528.43	7.80	0.00	62.57	0.00	0.00	0.00	0.69	436.00	3.86	0.02	0.00	9.18	0.16	78.01	-6477.03	6596365.50	
151.00	928.00	354.00	0.00	436.00	21908.00	0.76	1.53	2.31	575.00	21908.00	50.25	23.00	78.00	16.31	265.98	6.19	0.00	50.25	0.00	0.00	0.00	0.72	436.00	3.86	0.01	0.00	9.05	0.14	77.69	-1419.79	1381084.50	
152.00	706.00	323.00	0.00	435.00	30929.00	0.68	1.37	2.84	525.00	30929.00	71.10	25.00	122.00	30.80	948.93	8.80	0.00	71.10	0.00	0.00	0.00	0.71	435.00	3.85	0.03	0.00	9.22	0.07	104.26	838.60	18477444.00	
153.00	753.00	453.00	0.00	435.00	27653.00	0.57	1.22	2.57	528.00	27653.00	63.57	25.00	118.00	24.67	608.66	8.56	0.00	63.57	0.00	0.00	0.00	0.68	435.00	3.85	0.02	0.00	9.30	0.09	110.56	11174.24	9268825.00	
154.00	359.00	464.00	0.00	435.00	15531.00	0.83	1.77	2.80	580.00	15531.00	35.70	25.00	54.00	6.88	47.27	2.41	0.00	35.70	0.00	0.00	0.00	0.75	435.00	3.85	0.04	0.01	7.77	0.33	9.74	1075.88	70449.19	
155.00	1114.00	99.00	0.00	433.00	22242.00	0.66	1.34	2.27	552.00	22242.00	51.37	25.00	85.00	18.04	325.35	6.60	0.00	51.37	0.00	0.00	0.00	0.68	433.00	3.83	0.00	0.00	9.09	0.12	74.07	3724.27	2231347.50	
156.00	557.00	309.00	0.00	433.00	22289.00	0.86	1.98	2.18	644.00	22289.00	51.48	23.00	99.00	20.94	438.34	8.01	0.00	51.48	0.00	0.00	0.00	0.82	433.00	3.83	0.00	0.00	9.25	0.05	138.12	30566.00	4851651.50	
157.00	195.00	367.00	0.00	431.00	21073.00	0.44	1.12	1.92	528.00	21073.00	48.89	25.00	88.00	18.60	345.93	6.28	0.00	48.89	0.00	0.00	0.00	0.65	431.00	3.81	0.00	0.00	8.94	0.13	51.12	17267.15	3101304.25	
158.00	1300.00	759.00	0.00	424.00	28907.00	0.60	1.25	2.56	624.00	28907.00	68.18	25.00	121.00	26.28	690.57	7.76	0.00	68.18	0.00	0.00	0.00	0.68	424.00	3.75	0.05	0.00	9.18	0.12	64.76	14404.03	11937190.00	
159.00	435.00	164.00	0.00	422.00	22611.00	0.43	1.11	2.93	528.00	22611.00	53.58	25.00	92.00	18.45	340.44	7.07	0.00	53.58	0.00	0.00	0.00	0.65	422.00	3.73	0.00	0.00	9.09	0.18	59.75	2886.54	2684229.75	
160.00	521.00	807.00	0.00	422.00	32079.00	0.31	1.05	0.86	576.00	32079.00	76.02	25.00	134.00	34.45	1186.87	9.77	0.00	76.02	0.00	0.00	0.00	0.66	422.00	3.73	0.03	0.00	9.34	0.07	163.62	-1282.21	27973504.00	
161.00	361.00	145.00	0.00	421.00	31490.00	0.55	1.20	0.18	650.00	31490.00	74.80	23.00	133.00	36.79	1353.22	9.91	0.00	74.80	0.00	0.00	0.00	0.69	421.00	3.72	0.04	0.00	9.21	0.09	157.68	-3600.67	36709056.00	
162.00	352.00	161.00	0.00	421.00	33679.00	0.57	1.21	3.06	525.00	33679.00	80.00	25.00	141.00	36.43	1327.48	11.13	0.00	80.00	0.00	0.00	0.00	0.66	421.00	3.72	0.03	0.00	9.35	0.04	229.30	-13817.23	36829380.00	
163.00	1064.00	754.00	0.00	421.00	17728.00	0.70	1.40	2.16	621.00	17728.00	42.11	25.00	67.00	11.93	142.25	4.36	0.00	42.11	0.00	0.00	0.00	0.69	421.00	3.72	0.02	0.00	8.51	0.11	33.13	2953.58	480016.25	
164.00	1126.00	502.00	0.00	420.00	20491.00	0.68	1.37	2.18	675.00	20491.00	48.79	25.00	88.00	17.24	297.24	5.97	0.00	48.79	0.00	0.00	0.00	0.69	420.00	3.71	0.03	0.00	8.92	0.10	62.96	14382.98	2273129.50	
165.00	945.00	644.00	0.00	420.00	31485.00	0.80	1.67	2.38	624.00	31485.00	74.96	25.00	143.00	36.26	1314.99	12.84	0.00	74.96	0.00	0.00	0.00	0.74	420.00	3.71	0.02	0.00	9.41	0.05	372.15	43323.36	35632536.00	
166.00	538.00	797.00	0.00	419.00	33445.00	0.45	1.12	1.34	598.00	33445.00	79.82	25.00	134.00	34.28	1175.17	10.49	0.00	79.82	0.00	0.00	0.00	0.66	419.00	3.70	0.03	0.00	9.30	0.08	195.08	-40275.64	26418318.00	
167.00	202.00	842.00	0.00	416.00	29965.00	0.53	1.18	2.68	528.00	29965.00	72.03	25.00	134.00	31.65	1001.86	11.74	0.00	72.03	0.00	0.00	0.00	0.65	416.00	3.68	0.00	0.00	9.30	0.09	189.08	5434.33	21775614.00	
168.00	122.00	746.00	0.00	412.00	19644.00	0.31	1.05	1.86	506.00	19644.00	47.68	25.00	87.00	17.52	307.03	6.05	0.00	47.68	0.00	0.00	0.00	0.64	412.00	3.64	0.00	0.00	8.95	0.16	42.97	17047.33	2580627.50	
169.00	1143.00	304.00	0.00	409.00	26004.00	0.60	1.25	2.74	504.00	26004.00	63.58	24.00	111.00	26.73	714.59	8.33	0.00	63.58	0.00	0.00	0.00	0.68	409.00	3.62	0.02	0.00	9.16	0.07	110.16	2943.60	10563960.00	
170.00	272.00	525.00	0.00	409.00	22373.00	0.66	1.33	1.31	546.00	22373.00	54.70	25.00	91.00	18.35	336.75	6.57	0.00	54.70	0.00	0.00	0.00	0.68	409.00	3.62	0.02	0.00	8.93	0.21	37.84	4441.16	3064131.25	
171.00	1307.00	776.00	0.00	409.00	27163.00	0.51	1.16	2.56	552.00	27163.00	66.41	24.00	116.00	28.35	803.56	7.69	0.00	66.41	0.00	0.00	0.00	0.68	409.00	3.62	0.04	0.00	9.12	0.14	53.21	10634.00	14410879.00	
172.00	605.00	534.00	0.00	405.00	27424.00	0.59	1.24	1.00	550.00	27424.00	67.71	25.00	109.00	25.65	657.79	8.02	0.00	67.71	0.00	0.00	0.00	0.66	405.00	3.58	0.03	0.00	9.14	0.12	89.92	-20072.79	9555201.00	
173.00	181.00	662.00	0.00	403.00	18565.00	0.54	1.19	2.67	483.00	18565.00	46.07	25.00	70.00	13.62	185.56	4.41	0.00	46.07	0.00	0.00	0.00	0.67	403.00	3.56	0.02	0.00	8.65	0.15	30.28	-243.44	720509.38	
174.00	369.00	534.00	0.00	401.00	29851.00	0.54	1.19	1.47	480.00	29851.00	74.44	25.00	163.00	40.14	1610.92	13.56	0.00	74.44	0.00	0.00	0.00	0.64	401.00	3.55	0.00	0.00	9.35	0.06	233.60	219375.25	74081408.00	
175.00	1008.00	482.00	0.00	400.00	14882.00	0.88	2.08	2.20	621.00	14882.00	37.21	25.00	54.00	8.42	70.88	3.63	0.00	37.21	0.00	0.00	0.00	0.81	400.00	3.54	0.00	0.00	8.14	0.15	24.90	659.89	97441.72	
176.00	702.00	71.00	0.00	396.00	22217.00	0.85	1.88	2.49	572.00	22217.00	56.10	24.00	129.00	27.21	740.12	9.77	0.00	56.10	0.00	0.00	0.00	0.78	396.00	3.50	0.02	0.00	9.09	0.11	224.79	102670.62	18102074.00	
177.00	1098.00	360.00	0.00	395.00	21829.00	0.68	1.37	2.04	480.00	21829.00	55.26	25.00	100.00	21.07	443.87	8.14	0.00	55.26	0.00	0.00	0.00	0.68	395.00	3.49	0.02	0.00	9.14	0.10	123.34	7754.90	4293730.00	
178.00	995.00	153.00	0.00	393.00	23855.00	0.36	1.07	1.37	552.00	23855.00	60.70	22.00	99.00	22.41	502.04	7.32	0.00	60.70	0.00	0.00	0.00	0.66	393.00	3.47	0.06	0.00	9.18	0.08	98.48	-7029.09	5413741.00	
179.00	1265.00	384.00	0.00	392.00	28989.00	0.59	1.24	2.68	644.00	28989.00	73.95	25.00	126.00	31.77	1009.59	9.89	0.00	73.95	0.00	0.00	0.00	0.68	392.00	3.47	0.03	0.00	9.13	0.11	223.38	-36717.05	18123570.00	
180.00	672.00	492.00	0.00	392.00	25346.00	0.48	1.14	2.11	600.00	25346.00	64.66	25.00	120.00	26.07	679.88	9.01	0.00	64.66	0.00	0.00	0.00	0.65	392.00	3.47	0.03	0.00	9.19	0.06	150.23	2864.48	9932113.00	
181.00	377.00	658.00	0.00	392.00	27138.00	0.52	1.17	0.04	575.00	27138.00	69.23	24.00	115.00	28.94	837.59	9.42	0.00	69.23	0.00	0.00	0.00	0.67	392.00	3.47	0.03	0.00	9.12	0.09	167.98	-29906.47	12628582.00	
182.00	1203.00	204.00	0.00	391.00	16774.00	0.65	1.32	2.43	625.00	16774.00	42.90	25.00	65.00	12.21	149.08	4.31	0.00	42.90	0.00	0.00	0.00	0.67	391.00	3.46	0.02	0.00	8.43	0.11	37.78	239.86	419833.50	
183.00	469.00	537.00	0.00	390.00	18119.00	0.75	1.52	2.32	529.00	18119.00	46.46	24.00	73.00	13.35	178.30	4.58	0.00	46.46	0.00	0.00	0.00	0.72	390.00	3.45	0.05	0.00	8.74	0.13	38.32	546.33	727411.50	
184.00	737.00	273.00	0.00	384.00	25397.00	0.71	1.42	2.35	484.00	25397.00	66.14	25.00	118.00	27.48	755.16	10.76	0.00	66.14	0.00	0.00	0.00	0.68	384.00	3.40	0.00	0.00	9.19	0.06	216.95	-5046.36	10937213.00	
185.00	780.00	109.00	0.00	383.00	24301.00	0.34	1.06	2.42	600.00	24301.00	63.45	25.00	99.00	25.11	630.27	8.79	0.00	63.45	0.00	0.00	0.00	0.63	383.00	3.39	0.03	0.00	9.04	0.10	163.58	-24596.13	7129107.00	
186.00	1377.00	844.00	0.00	382.00	24817.00	0.71	1.42	2.09	456.00	24817.00	64.97	21.00	150.00	34.63	1199.12	11.64	0.00	64.97	0.00	0.00	0.00	0.70	382.00	3.38	0.00	0.00	9.23	0.05	245.56	203586.41	47200372.00	
187.00	104.00	64.00	0.00	380.00	14881.00	0.83	1.82	1.72	510.00	14881.00	39.16	25.00	61.00	9.34	87.25	3.30	0.00	39.16	0.00	0.00	0.00	0.74	380.00	3.36	0.04	0.00	8.12	0.26	15.14	1356.22	200419.59	
188.00	381.00	129.00	0.00	380.00	19345.00	0.73	1.47	2.43	504.00	19345.00	50.91	25.00	84.00	18.30	335.01	6.95	0.00	50.91	0.00	0.00	0.00	0.69	380.00	3.36	0.01	0.00	8.90	0.12	83.77	4879.44	2214740.50	
189.00	1008.00	693.00	0.00	377.00	30181.00	0.52	1.17	0.83	528.00	30181.00	80.06	25.00	137.00	34.35	1179.97	9.73	0.00	80.06	0.00	0.00	0.00	0.66	377.00	3.33	0.06	0.00	9.19	0.08	169.77	-41933.69	29302960.00	
190.00	454.00	359.00	0.00	376.00	17196.00	0.49	1.15	2.95	504.00	17196.00	45.73	25.00	71.00	12.03	144.69	4.39	0.00	45.73	0.00	0.00	0.00	0.66	376.00	3.32	0.03	0.00	8.50	0.19	33.96	-2287.57	466914.97	
191.00	1247.00	91.00	0.00	375.00	29339.00	0.55	1.20	0.03	437.00	29339.00	78.24	25.00	195.00	50.26	2526.25	16.05	0.00	78.24	0.00	0.00	0.00	0.64	375.00	3.32	0.00	0.00	9.20	0.07	385.15	689794.94	211411184.00	
192.00	252.00	506.00	0.00	375.00	16580.00	0.61	1.27	2.26	462.00	16580.00	44.21	25.00	76.00	14.55	211.60	5.42	0.00	44.21	0.00	0.00	0.00	0.66	375.00	3.32	0.00	0.00	8.81	0.13	43.63	8032.09	1111996.88	
193.00	574.00	498.00	0.00	373.00	20808.00	0.72	1.43	2.52	483.00	20808.00	55.79	25.00	83.00	18.00	323.97	7.66	0.00	55.79	0.00	0.00	0.00	0.68	373.00	3.30	0.00	0.00	8.86	0.16	105.32	-11376.04	1865137.62	
194.00	443.00	513.00	0.00	373.00	17101.00	0.65	1.31	2.09	460.00	17101.00	45.85	25.00	81.00	16.14	260.55	6.00	0.00	45.85	0.00	0.00	0.00	0.65	373.00	3.30	0.00	0.00	8.74	0.13	52.04	10345.52	1687708.50	
195.00	1148.00	7.00	0.00	371.00	29699.00	0.71	1.42	2.96	468.00	29699.00	80.05	24.00	141.00	40.53	1642.32	11.31	0.00	80.05	0.00	0.00	0.00	0.69	371.00	3.28	0.02	0.00	9.11	0.11	253.75	-11751.12	55267716.00	
196.00	279.00	327.00	0.00	367.00	20260.00	0.58	1.23	0.51	460.00	20260.00	55.20	25.00	95.00	19.90	396.01	8.00	0.00	55.20	0.00	0.00	0.00	0.64	367.00	3.25	0.00	0.00	9.00	0.12	73.18	4807.77	3511565.00	
197.00	853.00	795.00	0.00	367.00	24602.00	0.57	1.22	3.00	480.00	24602.00	67.04	25.00	128.00	31.86	1015.26	9.43	0.00	67.04	0.00	0.00	0.00	0.66	367.00	3.25	0.03	0.00	9.03	0.07	153.88	58367.46	22933348.00	
198.00	989.00	696.00	0.00	366.00	20868.00	0.86	1.95	2.03	504.00	20868.00	57.02	25.00	98.00	21.51	462.67	5.73	0.00	57.02	0.00	0.00	0.00	0.76	366.00	3.24	0.05	0.00	8.89	0.14	59.61	5886.80	4902819.50	
199.00	320.00	757.00	0.00	363.00	14174.00	0.49	1.15	0.03	418.00	14174.00	39.05	25.00	62.00	9.99	99.88	3.89	0.00	39.05	0.00	0.00	0.00	0.64	363.00	3.21	0.00	0.00	8.31	0.21	17.19	2268.12	252555.73	
200.00	990.00	195.00	0.00	361.00	19111.00	0.81	1.69	2.92	558.00	19111.00	52.94	23.00	88.00	18.74	351.31	5.74	0.00	52.94	0.00	0.00	0.00	0.71	361.00	3.19	0.06	0.00	8.83	0.07	71.25	8058.56	2833089.50	
201.00	684.00	847.00	0.00	361.00	27574.00	0.63	1.29	2.62	418.00	27574.00	76.38	24.00	129.00	34.49	1189.71	11.57	0.00	76.38	0.00	0.00	0.00	0.66	361.00	3.19	0.00	0.00	9.10	0.07	237.33	-29102.76	26625746.00	
202.00	592.00	565.00	0.00	355.00	15824.00	0.40	1.09	1.62	399.00	15824.00	44.57	25.00	66.00	12.25	150.06	4.08	0.00	44.57	0.00	0.00	0.00	0.66	355.00	3.14	0.03	0.00	8.30	0.18	18.37	31.04	477421.44	
203.00	702.00	228.00	0.00	351.00	15172.00	0.55	1.19	2.31	400.00	15172.00	43.23	24.00	68.00	11.85	140.49	4.54	0.00	43.23	0.00	0.00	0.00	0.65	351.00	3.10	0.02	0.00	8.56	0.13	28.83	1714.74	469090.44	
204.00	813.00	594.00	0.00	351.00	14521.00	0.86	1.96	1.88	476.00	14521.00	41.37	25.00	72.00	11.34	128.50	5.12	0.00	41.37	0.00	0.00	0.00	0.72	351.00	3.10	0.00	0.00	8.51	0.19	39.93	4588.35	472037.28	
205.00	997.00	598.00	0.00	351.00	20834.00	0.51	1.16	1.90	504.00	20834.00	59.36	23.00	94.00	22.50	506.35	7.89	0.00	59.36	0.00	0.00	0.00	0.66	351.00	3.10	0.03	0.00	8.88	0.10	123.55	-9323.18	4763306.00	
206.00	1271.00	198.00	0.00	350.00	17720.00	0.48	1.14	2.81	483.00	17720.00	50.63	22.00	88.00	19.61	384.73	5.86	0.00	50.63	0.00	0.00	0.00	0.66	350.00	3.09	0.05	0.00	8.63	0.16	30.15	12670.30	3443163.50	
207.00	549.00	365.00	0.00	350.00	21012.00	0.49	1.15	1.77	575.00	21012.00	60.03	25.00	102.00	22.89	523.73	7.74	0.00	60.03	0.00	0.00	0.00	0.64	350.00	3.09	0.04	0.00	8.89	0.09	112.65	-5145.36	5554884.50	
208.00	1270.00	214.00	0.00	348.00	15280.00	0.85	1.90	2.67	520.00	15280.00	43.91	24.00	86.00	16.48	271.57	4.51	0.00	43.91	0.00	0.00	0.00	0.76	348.00	3.08	0.03	0.00	8.55	0.17	35.64	26209.93	2584334.00	
209.00	982.00	212.00	0.00	343.00	17535.00	0.52	1.17	2.30	420.00	17535.00	51.12	24.00	81.00	16.51	272.58	4.39	0.00	51.12	0.00	0.00	0.00	0.66	343.00	3.03	0.06	0.00	8.51	0.13	26.58	-2237.31	1706136.75	
210.00	1126.00	763.00	0.00	343.00	13821.00	0.63	1.29	2.56	440.00	13821.00	40.29	25.00	62.00	10.63	113.04	4.35	0.00	40.29	0.00	0.00	0.00	0.63	343.00	3.03	0.00	0.00	8.34	0.19	24.97	2210.51	303930.81	
211.00	90.00	63.00	0.00	341.00	13698.00	0.79	1.62	1.91	442.00	13698.00	40.17	25.00	65.00	9.54	91.07	3.29	0.00	40.17	0.00	0.00	0.00	0.70	341.00	3.02	0.05	0.00	8.10	0.24	15.09	2918.71	258187.19	
212.00	1138.00	29.00	0.00	339.00	12334.00	0.89	2.18	2.40	552.00	12334.00	36.38	23.00	53.00	7.79	60.68	3.72	0.00	36.38	0.00	0.00	0.00	0.81	339.00	3.00	0.01	0.00	8.12	0.21	25.23	503.86	78073.04	
213.00	274.00	105.00	0.00	336.00	16203.00	0.75	1.51	2.19	500.00	16203.00	48.22	25.00	73.00	12.89	166.08	4.98	0.00	48.22	0.00	0.00	0.00	0.71	336.00	2.97	0.04	0.00	8.41	0.24	41.04	-1546.14	595778.31	
214.00	348.00	401.00	0.00	336.00	15817.00	0.58	1.23	2.03	399.00	15817.00	47.07	23.00	71.00	13.30	177.01	5.53	0.00	47.07	0.00	0.00	0.00	0.64	336.00	2.97	0.02	0.00	8.65	0.13	46.32	-457.59	630483.19	
215.00	446.00	374.00	0.00	332.00	13629.00	0.64	1.30	2.93	475.00	13629.00	41.05	25.00	59.00	10.25	105.03	3.52	0.00	41.05	0.00	0.00	0.00	0.65	332.00	2.94	0.03	0.00	8.18	0.19	22.19	207.60	221568.02	
216.00	988.00	517.00	0.00	330.00	14063.00	0.67	1.36	1.96	414.00	14063.00	42.62	25.00	73.00	13.34	178.06	5.30	0.00	42.62	0.00	0.00	0.00	0.64	330.00	2.92	0.00	0.00	8.55	0.14	39.28	7172.93	838190.81	
217.00	748.00	772.00	0.00	327.00	16118.00	0.79	1.62	2.50	440.00	16118.00	49.29	23.00	72.00	13.84	191.63	6.72	0.00	49.29	0.00	0.00	0.00	0.70	327.00	2.89	0.02	0.00	8.52	0.13	89.59	-6385.94	658684.00	
218.00	672.00	574.00	0.00	325.00	17653.00	0.74	1.48	2.52	500.00	17653.00	54.32	25.00	102.00	20.68	427.55	7.86	0.00	54.32	0.00	0.00	0.00	0.72	325.00	2.87	0.04	0.00	8.83	0.16	173.36	20992.23	4507335.00	
219.00	822.00	533.00	0.00	324.00	17899.00	0.68	1.37	2.03	432.00	17899.00	55.24	25.00	87.00	17.78	316.03	4.37	0.00	55.24	0.00	0.00	0.00	0.65	324.00	2.86	0.08	0.00	8.68	0.18	26.70	-6447.09	2513198.75	
220.00	529.00	633.00	0.00	324.00	15337.00	0.54	1.19	2.56	420.00	15337.00	47.34	25.00	72.00	13.74	188.92	6.14	0.00	47.34	0.00	0.00	0.00	0.61	324.00	2.86	0.00	0.00	8.64	0.19	55.61	-391.22	764516.81	
221.00	673.00	98.00	0.00	322.00	9091.00	0.54	1.19	0.39	399.00	9091.00	28.23	23.00	36.00	2.70	7.31	1.35	0.00	28.23	0.00	0.00	0.00	0.64	322.00	2.85	0.01	0.02	5.82	0.50	2.82	82.81	1738.00	
222.00	130.00	111.00	0.00	321.00	9379.00	0.79	1.62	3.03	400.00	9379.00	29.22	24.00	37.00	3.20	10.24	1.63	0.00	29.22	0.00	0.00	0.00	0.66	321.00	2.84	0.03	0.02	6.12	0.49	3.26	60.32	2890.44	
223.00	6.00	118.00	0.00	320.00	18822.00	0.79	1.63	1.53	375.00	18822.00	58.82	24.00	96.00	22.76	517.97	6.85	0.00	58.82	0.00	0.00	0.00	0.67	320.00	2.83	0.00	0.00	8.73	0.16	49.51	4486.38	5768772.50	
224.00	14.00	534.00	0.00	319.00	12851.00	0.43	1.11	0.92	380.00	12851.00	40.29	23.00	61.00	11.47	131.64	4.55	0.00	40.29	0.00	0.00	0.00	0.62	319.00	2.82	0.02	0.00	8.28	0.20	28.86	1251.51	376889.22	
225.00	126.00	5.00	0.00	317.00	20435.00	0.85	1.88	3.05	364.00	20435.00	64.46	25.00	119.00	27.61	762.26	7.40	0.00	64.46	0.00	0.00	0.00	0.69	317.00	2.80	0.02	0.00	8.90	0.10	75.80	33171.35	14081967.00	
226.00	1190.00	61.00	0.00	314.00	9302.00	0.44	1.12	3.08	360.00	9302.00	29.62	25.00	37.00	3.03	9.16	1.53	0.00	29.62	0.00	0.00	0.00	0.63	314.00	2.78	0.00	0.02	6.13	0.43	3.52	74.19	2076.13	
227.00	182.00	609.00	0.00	313.00	17428.00	0.51	1.16	2.85	378.00	17428.00	55.68	25.00	93.00	20.39	415.71	8.70	0.00	55.68	0.00	0.00	0.00	0.62	313.00	2.77	0.00	0.00	8.85	0.12	98.94	3073.75	3624580.00	
228.00	294.00	460.00	0.00	312.00	11866.00	0.74	1.49	3.06	442.00	11866.00	38.03	25.00	51.00	6.12	37.39	2.49	0.00	38.03	0.00	0.00	0.00	0.64	312.00	2.76	0.07	0.01	7.44	0.31	11.04	-181.44	35015.96	
229.00	758.00	806.00	0.00	311.00	14270.00	0.76	1.55	2.20	418.00	14270.00	45.88	25.00	65.00	11.20	125.40	5.97	0.00	45.88	0.00	0.00	0.00	0.67	311.00	2.75	0.00	0.00	8.32	0.18	61.27	-2916.32	271504.94	
230.00	475.00	190.00	0.00	309.00	9143.00	0.53	1.18	1.43	380.00	9143.00	29.59	23.00	38.00	3.77	14.18	1.30	0.00	29.59	0.00	0.00	0.00	0.63	309.00	2.73	0.07	0.02	6.16	0.50	2.74	210.11	6116.77	
231.00	259.00	312.00	0.00	308.00	10189.00	0.84	1.85	2.78	432.00	10189.00	33.08	25.00	46.00	5.79	33.51	2.14	0.00	33.08	0.00	0.00	0.00	0.70	308.00	2.72	0.05	0.01	7.10	0.39	7.24	551.06	31394.92	
232.00	320.00	582.00	0.00	307.00	14600.00	0.86	1.93	2.00	425.00	14600.00	47.56	25.00	78.00	15.40	237.30	7.42	0.00	47.56	0.00	0.00	0.00	0.71	307.00	2.71	0.00	0.00	8.67	0.07	90.16	3864.86	1093813.25	
233.00	989.00	850.00	0.00	301.00	13741.00	0.78	1.59	3.02	375.00	13741.00	45.65	24.00	76.00	15.16	229.87	4.62	0.00	45.65	0.00	0.00	0.00	0.68	301.00	2.66	0.00	0.00	8.39	0.15	30.60	8108.31	1285670.12	
234.00	165.00	479.00	0.00	298.00	14219.00	0.78	1.59	0.89	506.00	14219.00	47.71	25.00	68.00	13.06	170.53	4.76	0.00	47.71	0.00	0.00	0.00	0.70	298.00	2.63	0.04	0.00	8.13	0.21	31.65	-4678.70	550710.19	
235.00	994.00	623.00	0.00	296.00	18983.00	0.75	1.51	2.36	462.00	18983.00	64.13	24.00	108.00	26.44	699.23	8.89	0.00	64.13	0.00	0.00	0.00	0.68	296.00	2.62	0.05	0.00	8.69	0.13	83.91	-1896.53	9793779.00	
236.00	1164.00	736.00	0.00	296.00	16315.00	0.66	1.33	2.49	360.00	16315.00	55.12	25.00	97.00	20.45	418.30	9.15	0.00	55.12	0.00	0.00	0.00	0.63	296.00	2.62	0.00	0.00	8.76	0.06	133.00	6727.17	3387342.00	
237.00	566.00	351.00	0.00	295.00	10757.00	0.58	1.22	2.37	361.00	10757.00	36.46	25.00	54.00	8.20	67.26	3.47	0.00	36.46	0.00	0.00	0.00	0.62	295.00	2.61	0.01	0.01	7.71	0.22	16.49	1555.04	111351.09	
238.00	1264.00	627.00	0.00	295.00	12583.00	0.46	1.12	2.32	361.00	12583.00	42.65	25.00	57.00	9.12	83.12	4.21	0.00	42.65	0.00	0.00	0.00	0.61	295.00	2.61	0.03	0.01	7.90	0.23	26.91	-2059.56	131246.19	
239.00	1022.00	680.00	0.00	295.00	13558.00	0.64	1.31	2.06	418.00	13558.00	45.96	25.00	70.00	13.72	188.13	6.02	0.00	45.96	0.00	0.00	0.00	0.62	295.00	2.61	0.03	0.00	8.44	0.12	67.46	-203.34	636657.25	
240.00	1244.00	403.00	0.00	291.00	19504.00	0.65	1.31	2.50	504.00	19504.00	67.02	25.00	110.00	28.88	834.18	9.22	0.00	67.02	0.00	0.00	0.00	0.64	291.00	2.57	0.05	0.00	8.60	0.11	204.87	-13908.57	11609146.00	
241.00	249.00	301.00	0.00	290.00	9846.00	0.67	1.34	1.96	432.00	9846.00	33.95	25.00	47.00	5.90	34.86	2.01	0.00	33.95	0.00	0.00	0.00	0.62	290.00	2.56	0.07	0.01	7.07	0.41	5.23	528.44	34677.45	
242.00	758.00	69.00	0.00	288.00	11026.00	0.62	1.27	2.03	340.00	11026.00	38.28	25.00	56.00	8.34	69.60	4.18	0.00	38.28	0.00	0.00	0.00	0.62	288.00	2.55	0.00	0.01	7.94	0.24	27.07	83.50	102501.20	
243.00	287.00	472.00	0.00	287.00	9633.00	0.79	1.62	0.50	399.00	9633.00	33.56	25.00	42.00	4.85	23.53	1.81	0.00	33.56	0.00	0.00	0.00	0.68	287.00	2.54	0.06	0.01	6.69	0.44	5.01	-260.84	12663.42	
244.00	1326.00	332.00	0.00	284.00	13152.00	0.92	2.51	0.12	336.00	13152.00	46.31	24.00	73.00	13.93	193.97	4.49	0.00	46.31	0.00	0.00	0.00	0.73	284.00	2.51	0.05	0.00	8.16	0.19	21.53	1073.11	840852.50	
245.00	224.00	760.00	0.00	284.00	9237.00	0.65	1.31	0.47	340.00	9237.00	32.52	25.00	43.00	5.35	28.58	2.41	0.00	32.52	0.00	0.00	0.00	0.61	284.00	2.51	0.00	0.01	6.94	0.37	5.89	292.74	18977.22	
246.00	748.00	25.00	0.00	282.00	10812.00	0.55	1.20	2.69	323.00	10812.00	38.34	25.00	57.00	8.99	80.83	3.96	0.00	38.34	0.00	0.00	0.00	0.61	282.00	2.49	0.00	0.00	8.00	0.17	22.12	774.24	139550.55	
247.00	1278.00	620.00	0.00	282.00	13602.00	0.81	1.72	1.35	459.00	13602.00	48.23	25.00	69.00	11.61	134.77	4.07	0.00	48.23	0.00	0.00	0.00	0.65	282.00	2.49	0.09	0.00	8.11	0.20	24.20	-3923.20	444605.19	
248.00	970.00	782.00	0.00	282.00	10949.00	0.62	1.28	2.20	324.00	10949.00	38.83	24.00	55.00	8.41	70.77	3.52	0.00	38.83	0.00	0.00	0.00	0.63	282.00	2.49	0.04	0.01	7.81	0.17	18.98	72.76	105169.79	
249.00	263.00	294.00	0.00	281.00	8480.00	0.79	1.63	0.82	418.00	8480.00	30.18	25.00	37.00	2.53	6.41	1.34	0.00	30.18	0.00	0.00	0.00	0.69	281.00	2.48	0.06	0.03	5.62	0.52	2.54	-31.57	830.98	
250.00	153.00	486.00	0.00	281.00	13461.00	0.48	1.14	0.86	400.00	13461.00	47.90	25.00	71.00	13.04	169.99	4.68	0.00	47.90	0.00	0.00	0.00	0.62	281.00	2.48	0.05	0.00	8.30	0.21	37.69	-1515.42	577487.19	
251.00	1221.00	163.00	0.00	280.00	11493.00	0.76	1.54	2.45	380.00	11493.00	41.05	22.00	65.00	12.26	150.25	5.54	0.00	41.05	0.00	0.00	0.00	0.68	280.00	2.48	0.01	0.00	8.39	0.16	64.20	420.95	437155.50	
252.00	1380.00	271.00	0.00	279.00	19242.00	0.78	1.59	1.83	360.00	19242.00	68.97	25.00	123.00	30.93	956.49	10.15	0.00	68.97	0.00	0.00	0.00	0.66	279.00	2.47	0.00	0.00	8.75	0.08	175.85	29276.00	18975396.00	
253.00	37.00	227.00	0.00	274.00	7638.00	0.78	1.61	2.17	396.00	7638.00	27.88	24.00	35.00	2.53	6.39	1.29	0.00	27.88	0.00	0.00	0.00	0.67	274.00	2.42	0.03	0.03	5.71	0.49	3.40	87.73	1442.54	
254.00	532.00	15.00	0.00	273.00	9565.00	0.36	1.07	3.09	342.00	9565.00	35.04	25.00	49.00	6.42	41.18	3.28	0.00	35.04	0.00	0.00	0.00	0.58	273.00	2.41	0.00	0.01	7.44	0.33	13.65	358.18	38339.66	
255.00	285.00	66.00	0.00	273.00	11924.00	0.40	1.09	0.92	361.00	11924.00	43.68	26.00	61.00	10.72	114.89	4.26	0.00	43.68	0.00	0.00	0.00	0.57	273.00	2.41	0.04	0.01	7.77	0.32	11.66	-2137.58	289518.34	
256.00	700.00	827.00	0.00	273.00	16601.00	0.42	1.10	2.35	380.00	16601.00	60.81	25.00	97.00	22.66	513.51	8.40	0.00	60.81	0.00	0.00	0.00	0.59	273.00	2.41	0.04	0.00	8.61	0.07	130.02	-9053.55	4802367.00	
257.00	645.00	130.00	0.00	272.00	17260.00	0.66	1.33	1.91	391.00	17260.00	63.46	25.00	105.00	23.88	570.06	7.45	0.00	63.46	0.00	0.00	0.00	0.61	272.00	2.41	0.06	0.00	8.65	0.11	107.25	-16587.35	6383798.00	
258.00	478.00	171.00	0.00	271.00	7437.00	0.61	1.26	2.77	357.00	7437.00	27.44	21.00	37.00	3.19	10.18	1.48	0.00	27.44	0.00	0.00	0.00	0.61	271.00	2.40	0.06	0.02	6.04	0.52	3.38	105.62	4809.00	
259.00	226.00	377.00	0.00	270.00	9398.00	0.79	1.62	2.69	336.00	9398.00	34.81	25.00	49.00	6.58	43.34	3.14	0.00	34.81	0.00	0.00	0.00	0.64	270.00	2.39	0.00	0.01	7.69	0.22	15.94	459.84	39577.15	
260.00	54.00	396.00	0.00	267.00	7460.00	0.62	1.27	1.67	391.00	7460.00	27.94	22.00	34.00	2.11	4.45	1.10	0.00	27.94	0.00	0.00	0.00	0.64	267.00	2.36	0.07	0.04	5.24	0.56	1.91	23.97	590.50	
261.00	393.00	253.00	0.00	266.00	7663.00	0.91	2.42	2.04	476.00	7663.00	28.81	25.00	36.00	2.90	8.40	1.67	0.00	28.81	0.00	0.00	0.00	0.77	266.00	2.35	0.03	0.02	6.07	0.39	5.00	81.47	1824.18	
262.00	1255.00	247.00	0.00	265.00	10488.00	0.73	1.46	2.48	323.00	10488.00	39.58	23.00	55.00	8.09	65.49	4.16	0.00	39.58	0.00	0.00	0.00	0.64	265.00	2.34	0.02	0.01	7.93	0.26	29.23	-561.90	81406.24	
263.00	10.00	312.00	0.00	264.00	7980.00	0.80	1.66	3.14	322.00	7980.00	30.23	23.00	47.00	5.43	29.47	2.28	0.00	30.23	0.00	0.00	0.00	0.63	264.00	2.33	0.05	0.01	6.86	0.34	10.06	1244.24	40123.21	
264.00	131.00	124.00	0.00	261.00	8755.00	0.72	1.44	0.08	425.00	8755.00	33.54	23.00	51.00	6.89	47.47	2.62	0.00	33.54	0.00	0.00	0.00	0.66	261.00	2.31	0.08	0.01	7.55	0.25	15.37	961.26	70185.82	
265.00	1252.00	265.00	0.00	260.00	9583.00	0.79	1.62	1.77	294.00	9583.00	36.86	22.00	57.00	9.32	86.89	4.16	0.00	36.86	0.00	0.00	0.00	0.63	260.00	2.30	0.02	0.00	8.18	0.25	30.95	1556.74	175526.28	
266.00	1120.00	3.00	0.00	259.00	14608.00	0.94	2.97	3.12	310.00	14608.00	56.40	23.00	101.00	23.35	545.24	7.57	0.00	56.40	0.00	0.00	0.00	0.76	259.00	2.29	0.01	0.00	8.46	0.11	91.74	-10.72	5764599.50	
267.00	619.00	216.00	0.00	259.00	9451.00	0.82	1.76	0.11	336.00	9451.00	36.49	25.00	55.00	7.63	58.28	4.04	0.00	36.49	0.00	0.00	0.00	0.64	259.00	2.29	0.00	0.01	7.85	0.25	18.53	566.62	72020.95	
268.00	391.00	641.00	0.00	259.00	15584.00	0.41	1.10	1.27	420.00	15584.00	60.17	25.00	93.00	22.84	521.70	8.44	0.00	60.17	0.00	0.00	0.00	0.60	259.00	2.29	0.04	0.00	8.41	0.12	157.35	-15240.17	4430681.50	
269.00	970.00	801.00	0.00	253.00	9359.00	0.79	1.63	1.59	294.00	9359.00	36.99	24.00	55.00	8.04	64.56	3.98	0.00	36.99	0.00	0.00	0.00	0.64	253.00	2.24	0.05	0.00	7.87	0.21	20.21	1363.51	105559.75	
270.00	806.00	545.00	0.00	252.00	7836.00	0.62	1.27	2.60	340.00	7836.00	31.10	23.00	41.00	4.20	17.62	2.08	0.00	31.10	0.00	0.00	0.00	0.61	252.00	2.23	0.04	0.01	6.75	0.33	6.30	131.66	7203.22	
271.00	1008.00	424.00	0.00	247.00	10057.00	0.87	2.03	2.44	440.00	10057.00	40.72	24.00	75.00	11.91	141.80	4.98	0.00	40.72	0.00	0.00	0.00	0.74	247.00	2.18	0.07	0.00	8.08	0.15	56.94	10156.55	691943.06	
272.00	24.00	87.00	0.00	245.00	7721.00	0.44	1.12	1.31	272.00	7721.00	31.51	23.00	46.00	4.67	21.77	2.23	0.00	31.51	0.00	0.00	0.00	0.61	245.00	2.17	0.09	0.01	6.65	0.34	8.48	558.30	17009.04	
273.00	694.00	91.00	0.00	245.00	7371.00	0.70	1.40	2.35	306.00	7371.00	30.09	24.00	37.00	3.31	10.98	1.57	0.00	30.09	0.00	0.00	0.00	0.62	245.00	2.17	0.06	0.02	6.29	0.45	3.69	-20.66	2878.03	
274.00	649.00	626.00	0.00	245.00	9030.00	0.67	1.35	0.00	357.00	9030.00	36.86	25.00	46.00	5.96	35.49	2.98	0.00	36.86	0.00	0.00	0.00	0.60	245.00	2.17	0.04	0.01	7.03	0.32	14.44	-727.68	24008.73	
275.00	707.00	603.00	0.00	243.00	10226.00	0.77	1.56	0.38	396.00	10226.00	42.08	25.00	63.00	10.10	102.10	4.31	0.00	42.08	0.00	0.00	0.00	0.64	243.00	2.15	0.04	0.01	7.78	0.22	27.02	-1511.62	199704.89	
276.00	712.00	818.00	0.00	243.00	13266.00	0.49	1.15	0.90	400.00	13266.00	54.59	25.00	97.00	21.07	444.08	7.79	0.00	54.59	0.00	0.00	0.00	0.59	243.00	2.15	0.04	0.00	8.52	0.09	100.80	20953.87	4681225.50	
277.00	1289.00	349.00	0.00	242.00	12226.00	0.45	1.12	3.03	342.00	12226.00	50.52	21.00	71.00	14.09	198.52	6.03	0.00	50.52	0.00	0.00	0.00	0.59	242.00	2.14	0.04	0.00	8.14	0.16	72.68	-6200.12	654530.88	
278.00	423.00	128.00	0.00	241.00	7415.00	0.77	1.58	1.80	345.00	7415.00	30.77	25.00	39.00	3.49	12.21	1.65	0.00	30.77	0.00	0.00	0.00	0.65	241.00	2.13	0.05	0.02	6.29	0.46	3.71	58.57	3508.44	
279.00	503.00	301.00	0.00	241.00	7206.00	0.81	1.72	1.48	322.00	7206.00	29.90	23.00	39.00	3.76	14.12	1.52	0.00	29.90	0.00	0.00	0.00	0.65	241.00	2.13	0.07	0.02	6.22	0.51	2.41	134.46	6495.80	
280.00	57.00	845.00	0.00	241.00	11800.00	0.80	1.68	1.91	294.00	11800.00	48.96	25.00	68.00	11.37	129.31	4.16	0.00	48.96	0.00	0.00	0.00	0.64	241.00	2.13	0.06	0.01	7.83	0.23	31.18	-5160.78	350102.38	
281.00	516.00	303.00	0.00	240.00	7311.00	0.55	1.20	1.81	270.00	7311.00	30.46	24.00	41.00	3.77	14.20	1.84	0.00	30.46	0.00	0.00	0.00	0.60	240.00	2.12	0.05	0.02	6.21	0.45	5.80	327.81	7138.53	
282.00	1302.00	344.00	0.00	240.00	11736.00	0.63	1.29	0.99	342.00	11736.00	48.90	22.00	70.00	13.61	185.14	5.73	0.00	48.90	0.00	0.00	0.00	0.62	240.00	2.12	0.04	0.00	8.14	0.17	50.56	-4160.35	652262.38	
283.00	1312.00	5.00	0.00	238.00	15721.00	0.83	1.81	2.93	299.00	15721.00	66.05	23.00	111.00	29.65	878.84	10.62	0.00	66.05	0.00	0.00	0.00	0.65	238.00	2.10	0.00	0.00	8.49	0.06	249.34	-3083.63	13573687.00	
284.00	43.00	846.00	0.00	235.00	11347.00	0.77	1.58	1.08	300.00	11347.00	48.29	24.00	68.00	12.27	150.62	4.09	0.00	48.29	0.00	0.00	0.00	0.65	235.00	2.08	0.06	0.00	7.92	0.26	13.07	-5041.54	567979.56	
285.00	783.00	199.00	0.00	233.00	9258.00	0.75	1.51	2.17	361.00	9258.00	39.73	25.00	54.00	7.54	56.92	4.36	0.00	39.73	0.00	0.00	0.00	0.64	233.00	2.06	0.03	0.01	7.46	0.20	36.45	-696.09	49610.79	
286.00	409.00	239.00	0.00	233.00	7415.00	0.72	1.44	2.70	285.00	7415.00	31.82	24.00	45.00	5.33	28.43	2.50	0.00	31.82	0.00	0.00	0.00	0.60	233.00	2.06	0.02	0.01	7.12	0.30	9.81	435.60	19627.15	
287.00	120.00	133.00	0.00	232.00	8105.00	0.30	1.05	1.16	306.00	8105.00	34.94	25.00	57.00	7.43	55.26	3.44	0.00	34.94	0.00	0.00	0.00	0.60	232.00	2.05	0.07	0.01	7.59	0.24	26.73	1912.36	102460.83	
288.00	530.00	748.00	0.00	229.00	7374.00	0.78	1.61	1.84	294.00	7374.00	32.20	25.00	38.00	3.38	11.43	2.08	0.00	32.20	0.00	0.00	0.00	0.64	229.00	2.02	0.04	0.02	6.39	0.38	7.27	-97.38	2458.33	
289.00	1114.00	518.00	0.00	219.00	7666.00	0.65	1.31	2.35	306.00	7666.00	35.00	25.00	47.00	6.12	37.42	2.99	0.00	35.00	0.00	0.00	0.00	0.58	219.00	1.94	0.03	0.01	7.35	0.22	15.54	-124.57	25404.83	
290.00	80.00	559.00	0.00	218.00	6354.00	0.67	1.35	2.06	300.00	6354.00	29.15	24.00	37.00	2.87	8.23	1.40	0.00	29.15	0.00	0.00	0.00	0.60	218.00	1.93	0.05	0.03	5.73	0.48	3.47	34.14	1598.95	
291.00	365.00	476.00	0.00	217.00	7198.00	0.76	1.55	2.58	270.00	7198.00	33.17	25.00	46.00	5.47	29.92	2.26	0.00	33.17	0.00	0.00	0.00	0.62	217.00	1.92	0.07	0.01	7.06	0.40	8.38	318.20	23826.16	
292.00	515.00	851.00	0.00	215.00	10886.00	0.87	2.03	0.03	300.00	10886.00	50.63	22.00	83.00	16.21	262.64	5.21	0.00	50.63	0.00	0.00	0.00	0.64	215.00	1.90	0.05	0.00	8.19	0.12	53.95	1452.92	1549114.88	
293.00	539.00	377.00	0.00	214.00	11606.00	0.69	1.39	1.12	304.00	11606.00	54.23	25.00	86.00	17.81	317.24	6.82	0.00	54.23	0.00	0.00	0.00	0.59	214.00	1.89	0.05	0.00	8.29	0.11	79.37	-1273.61	1904407.25	
294.00	699.00	244.00	0.00	212.00	7532.00	0.58	1.23	2.89	238.00	7532.00	35.53	23.00	49.00	6.77	45.80	3.18	0.00	35.53	0.00	0.00	0.00	0.59	212.00	1.87	0.03	0.01	7.47	0.23	13.92	-50.08	42175.77	
295.00	49.00	833.00	0.00	212.00	9705.00	0.88	2.11	3.01	312.00	9705.00	45.78	25.00	63.00	11.78	138.87	4.34	0.00	45.78	0.00	0.00	0.00	0.62	212.00	1.87	0.07	0.01	7.74	0.23	27.61	-3180.59	369451.84	
296.00	410.00	126.00	0.00	208.00	6668.00	0.77	1.57	2.40	272.00	6668.00	32.06	25.00	39.00	3.13	9.82	1.66	0.00	32.06	0.00	0.00	0.00	0.63	208.00	1.84	0.07	0.02	6.15	0.37	5.13	-80.82	2164.86	
297.00	49.00	233.00	0.00	208.00	5619.00	0.65	1.32	1.91	238.00	5619.00	27.01	24.00	31.00	1.45	2.11	0.89	0.00	27.01	0.00	0.00	0.00	0.58	208.00	1.84	0.04	0.06	4.51	0.60	1.37	7.85	114.63	
298.00	1288.00	682.00	0.00	206.00	6897.00	0.57	1.22	1.76	238.00	6897.00	33.48	24.00	45.00	5.48	30.04	2.69	0.00	33.48	0.00	0.00	0.00	0.56	206.00	1.82	0.03	0.01	7.23	0.24	12.23	-2.06	18069.52	
299.00	1022.00	239.00	0.00	205.00	6669.00	0.84	1.82	2.16	285.00	6669.00	32.53	25.00	43.00	4.59	21.11	3.04	0.00	32.53	0.00	0.00	0.00	0.64	205.00	1.81	0.00	0.01	7.11	0.25	15.09	98.66	7144.72	
300.00	601.00	640.00	0.00	205.00	8078.00	0.75	1.51	2.28	272.00	8078.00	39.40	25.00	61.00	10.12	102.48	5.41	0.00	39.40	0.00	0.00	0.00	0.59	205.00	1.81	0.00	0.00	8.00	0.10	45.04	1557.05	215707.16	
301.00	656.00	615.00	0.00	202.00	7305.00	0.73	1.47	3.11	260.00	7305.00	36.16	25.00	45.00	5.62	31.53	2.99	0.00	36.16	0.00	0.00	0.00	0.57	202.00	1.79	0.04	0.01	7.13	0.21	14.40	-345.47	16689.87	
302.00	988.00	613.00	0.00	201.00	15240.00	0.71	1.42	2.53	272.00	15240.00	75.82	25.00	110.00	27.70	767.35	8.25	0.00	75.82	0.00	0.00	0.00	0.59	201.00	1.78	0.09	0.00	8.18	0.09	135.77	-82886.21	13682410.00	
303.00	964.00	226.00	0.00	199.00	6315.00	0.76	1.55	0.02	240.00	6315.00	31.73	24.00	44.00	4.61	21.30	2.10	0.00	31.73	0.00	0.00	0.00	0.58	199.00	1.76	0.05	0.01	6.67	0.35	5.10	164.30	9874.48	
304.00	370.00	96.00	0.00	198.00	9010.00	0.78	1.59	1.78	234.00	9010.00	45.51	23.00	76.00	14.08	198.14	7.07	0.00	45.51	0.00	0.00	0.00	0.62	198.00	1.75	0.04	0.00	8.15	0.09	96.45	1433.18	711327.62	
305.00	1383.00	359.00	0.00	194.00	9109.00	0.90	2.30	1.63	250.00	9109.00	46.95	25.00	74.00	15.16	229.74	5.85	0.00	46.95	0.00	0.00	0.00	0.66	194.00	1.72	0.00	0.00	8.02	0.13	54.48	1859.60	1002425.88	
306.00	455.00	25.00	0.00	188.00	5985.00	0.72	1.44	1.41	247.00	5985.00	31.84	24.00	58.00	6.80	46.23	3.27	0.00	31.84	0.00	0.00	0.00	0.56	188.00	1.66	0.05	0.01	6.97	0.30	26.59	2970.66	117878.38	
307.00	219.00	422.00	0.00	186.00	6477.00	0.50	1.15	2.96	224.00	6477.00	34.82	25.00	47.00	5.75	33.07	3.62	0.00	34.82	0.00	0.00	0.00	0.54	186.00	1.64	0.00	0.01	7.20	0.28	17.29	-282.57	21024.91	
308.00	305.00	467.00	0.00	186.00	5555.00	0.93	2.71	2.05	350.00	5555.00	29.87	25.00	36.00	3.02	9.12	1.53	0.00	29.87	0.00	0.00	0.00	0.76	186.00	1.64	0.07	0.02	6.00	0.43	3.59	3.92	1414.95	
309.00	1029.00	648.00	0.00	186.00	5234.00	0.81	1.70	1.66	198.00	5234.00	28.14	22.00	34.00	2.63	6.92	1.60	0.00	28.14	0.00	0.00	0.00	0.60	186.00	1.64	0.01	0.02	6.01	0.41	4.11	19.74	1141.72	
310.00	578.00	565.00	0.00	185.00	7518.00	0.82	1.74	1.57	220.00	7518.00	40.64	25.00	62.00	10.95	119.99	4.25	0.00	40.64	0.00	0.00	0.00	0.59	185.00	1.64	0.05	0.00	7.85	0.21	24.04	2069.71	315938.78	
311.00	277.00	852.00	0.00	183.00	9485.00	0.90	2.30	3.09	240.00	9485.00	51.83	25.00	96.00	20.43	417.21	7.79	0.00	51.83	0.00	0.00	0.00	0.64	183.00	1.62	0.00	0.00	8.04	0.13	78.54	22713.60	4007220.75	
312.00	107.00	6.00	0.00	182.00	6658.00	0.43	1.11	2.56	210.00	6658.00	36.58	23.00	58.00	6.15	37.80	3.48	0.00	36.58	0.00	0.00	0.00	0.54	182.00	1.61	0.03	0.01	7.00	0.28	18.76	188.72	35326.21	
313.00	519.00	752.00	0.00	179.00	5539.00	0.74	1.49	1.60	216.00	5539.00	30.94	25.00	37.00	3.10	9.60	1.77	0.00	30.94	0.00	0.00	0.00	0.58	179.00	1.58	0.05	0.02	6.14	0.41	4.43	-15.27	1815.05	
314.00	1045.00	260.00	0.00	177.00	7694.00	0.74	1.49	0.50	252.00	7694.00	43.47	25.00	73.00	14.02	196.48	5.35	0.00	43.47	0.00	0.00	0.00	0.58	177.00	1.57	0.06	0.00	7.82	0.13	41.42	5780.94	935212.88	
315.00	1252.00	392.00	0.00	177.00	14300.00	0.82	1.76	0.80	361.00	14300.00	80.79	25.00	130.00	34.04	1158.94	11.30	0.00	80.79	0.00	0.00	0.00	0.66	177.00	1.57	0.12	0.00	8.13	0.06	351.85	-89466.01	24951090.00	
316.00	286.00	530.00	0.00	176.00	7522.00	0.72	1.44	1.94	247.00	7522.00	42.74	25.00	61.00	9.75	95.12	4.87	0.00	42.74	0.00	0.00	0.00	0.58	176.00	1.56	0.05	0.01	7.59	0.21	34.56	-1820.78	170102.88	
317.00	1375.00	68.00	0.00	175.00	5271.00	0.78	1.61	2.12	238.00	5271.00	30.12	20.00	39.00	3.98	15.86	2.30	0.00	30.12	0.00	0.00	0.00	0.59	175.00	1.55	0.04	0.01	6.63	0.34	8.49	74.48	5240.32	
318.00	115.00	284.00	0.00	175.00	4872.00	0.86	1.97	1.39	220.00	4872.00	27.84	25.00	33.00	1.63	2.65	1.09	0.00	27.84	0.00	0.00	0.00	0.60	175.00	1.55	0.06	0.05	4.71	0.54	1.80	-1.70	146.28	
319.00	1069.00	364.00	0.00	173.00	4805.00	0.79	1.63	2.36	225.00	4805.00	27.77	25.00	31.00	1.20	1.43	1.28	0.00	27.77	0.00	0.00	0.00	0.61	173.00	1.53	0.00	0.07	4.18	0.54	1.94	0.50	27.21	
320.00	1337.00	418.00	0.00	173.00	5744.00	0.68	1.36	1.88	208.00	5744.00	33.20	25.00	45.00	5.84	34.16	3.34	0.00	33.20	0.00	0.00	0.00	0.54	173.00	1.53	0.00	0.01	7.12	0.25	16.48	299.22	22255.14	
321.00	58.00	410.00	0.00	172.00	4880.00	0.62	1.27	0.17	234.00	4880.00	28.37	25.00	33.00	1.97	3.90	1.31	0.00	28.37	0.00	0.00	0.00	0.54	172.00	1.52	0.05	0.04	5.11	0.51	2.37	10.15	259.90	
322.00	1235.00	116.00	0.00	167.00	5970.00	0.73	1.47	3.08	221.00	5970.00	35.75	25.00	50.00	6.30	39.74	3.85	0.00	35.75	0.00	0.00	0.00	0.56	167.00	1.48	0.05	0.01	7.40	0.18	20.44	110.32	28798.12	
323.00	4.00	299.00	0.00	164.00	5479.00	0.74	1.49	1.23	192.00	5479.00	33.41	23.00	46.00	5.42	29.32	2.05	0.00	33.41	0.00	0.00	0.00	0.58	164.00	1.45	0.09	0.01	6.88	0.29	8.56	-39.41	18721.48	
324.00	95.00	656.00	0.00	163.00	4300.00	0.77	1.58	2.20	224.00	4300.00	26.38	23.00	28.00	1.13	1.29	0.79	0.00	26.38	0.00	0.00	0.00	0.61	163.00	1.44	0.05	0.11	3.73	0.64	1.15	-6.05	45.38	
325.00	107.00	654.00	0.00	160.00	4309.00	0.58	1.23	1.72	180.00	4309.00	26.93	24.00	29.00	1.09	1.20	0.84	0.00	26.93	0.00	0.00	0.00	0.55	160.00	1.41	0.04	0.10	3.80	0.66	1.03	-2.06	28.86	
326.00	789.00	187.00	0.00	156.00	5588.00	0.63	1.28	0.12	221.00	5588.00	35.82	25.00	44.00	5.82	33.93	3.29	0.00	35.82	0.00	0.00	0.00	0.54	156.00	1.38	0.05	0.01	6.66	0.38	17.39	-554.02	19872.06	
327.00	299.00	799.00	0.00	154.00	5088.00	0.69	1.39	2.73	180.00	5088.00	33.04	25.00	44.00	5.45	29.66	3.46	0.00	33.04	0.00	0.00	0.00	0.54	154.00	1.36	0.00	0.01	7.04	0.26	13.61	207.04	17190.99	
328.00	776.00	774.00	0.00	153.00	4766.00	0.66	1.33	2.23	182.00	4766.00	31.15	25.00	40.00	4.10	16.80	2.48	0.00	31.15	0.00	0.00	0.00	0.54	153.00	1.35	0.00	0.01	6.68	0.31	10.21	88.07	5085.82	
329.00	1068.00	171.00	0.00	149.00	4196.00	0.64	1.29	2.30	169.00	4196.00	28.16	25.00	33.00	1.96	3.83	1.44	0.00	28.16	0.00	0.00	0.00	0.55	149.00	1.32	0.00	0.04	5.21	0.44	3.31	22.32	327.98	
330.00	66.00	387.00	0.00	146.00	3869.00	0.90	2.32	2.86	209.00	3869.00	26.50	23.00	28.00	0.98	0.97	0.94	0.00	26.50	0.00	0.00	0.00	0.63	146.00	1.29	0.04	0.10	3.67	0.53	1.64	-1.23	11.62	
331.00	867.00	169.00	0.00	144.00	4156.00	0.64	1.30	1.61	180.00	4156.00	28.86	24.00	34.00	2.63	6.92	1.65	0.00	28.86	0.00	0.00	0.00	0.52	144.00	1.27	0.04	0.02	6.01	0.42	5.42	-2.59	745.58	
332.00	464.00	98.00	0.00	138.00	4022.00	0.93	2.63	2.60	252.00	4022.00	29.14	25.00	39.00	3.05	9.28	2.40	0.00	29.14	0.00	0.00	0.00	0.70	138.00	1.22	0.00	0.02	5.89	0.35	11.20	173.63	3113.84	
333.00	157.00	585.00	0.00	128.00	3563.00	0.80	1.67	1.50	135.00	3563.00	27.84	25.00	33.00	2.22	4.91	1.53	0.00	27.84	0.00	0.00	0.00	0.54	128.00	1.13	0.00	0.03	5.41	0.47	3.51	21.92	502.09	
334.00	493.00	296.00	0.00	127.00	3603.00	0.76	1.53	1.75	160.00	3603.00	28.37	25.00	33.00	1.96	3.85	1.24	0.00	28.37	0.00	0.00	0.00	0.51	127.00	1.12	0.06	0.04	5.02	0.52	2.02	1.54	340.84	
335.00	881.00	711.00	0.00	127.00	5893.00	0.75	1.52	2.70	154.00	5893.00	46.40	25.00	75.00	14.38	206.81	5.45	0.00	46.40	0.00	0.00	0.00	0.55	127.00	1.12	0.08	0.01	7.36	0.05	49.81	2690.26	778405.81	
336.00	409.00	137.00	0.00	125.00	3734.00	0.79	1.64	0.05	135.00	3734.00	29.87	25.00	35.00	2.47	6.10	1.38	0.00	29.87	0.00	0.00	0.00	0.54	125.00	1.11	0.07	0.03	5.50	0.54	2.54	7.61	770.95	
337.00	138.00	534.00	0.00	125.00	3327.00	0.75	1.52	0.22	140.00	3327.00	26.62	24.00	31.00	1.11	1.24	0.87	0.00	26.62	0.00	0.00	0.00	0.52	125.00	1.11	0.07	0.08	3.92	0.59	1.48	1.04	24.56	
338.00	463.00	190.00	0.00	123.00	3612.00	0.87	2.05	1.34	153.00	3612.00	29.37	25.00	36.00	2.34	5.48	1.34	0.00	29.37	0.00	0.00	0.00	0.59	123.00	1.09	0.08	0.03	5.37	0.54	2.20	13.11	762.26	
339.00	691.00	158.00	0.00	121.00	3572.00	0.70	1.40	0.06	140.00	3572.00	29.52	24.00	38.00	2.84	8.08	1.77	0.00	29.52	0.00	0.00	0.00	0.52	121.00	1.07	0.06	0.02	5.70	0.37	5.08	6.01	1000.65	
340.00	486.00	181.00	0.00	119.00	3164.00	0.77	1.56	1.97	140.00	3164.00	26.59	23.00	29.00	1.30	1.70	0.89	0.00	26.59	0.00	0.00	0.00	0.52	119.00	1.05	0.09	0.06	4.24	0.59	1.27	-3.49	60.79	
341.00	540.00	568.00	0.00	115.00	5289.00	0.12	1.01	2.07	144.00	5289.00	45.99	25.00	71.00	13.32	177.48	7.27	0.00	45.99	0.00	0.00	0.00	0.48	115.00	1.02	0.06	0.01	7.34	0.07	90.96	1069.44	526492.75	
342.00	382.00	647.00	0.00	114.00	9083.00	0.85	1.91	0.71	182.00	9083.00	79.68	25.00	112.00	26.07	679.69	8.95	0.00	79.68	0.00	0.00	0.00	0.58	114.00	1.01	0.16	0.01	7.42	0.08	215.01	-83670.58	11900348.00	
343.00	685.00	84.00	0.00	113.00	3284.00	0.84	1.85	1.82	144.00	3284.00	29.06	23.00	36.00	3.23	10.45	1.63	0.00	29.06	0.00	0.00	0.00	0.54	113.00	1.00	0.09	0.02	5.72	0.40	4.27	94.26	2433.69	
344.00	604.00	65.00	0.00	110.00	3148.00	0.76	1.55	2.29	144.00	3148.00	28.62	25.00	34.00	1.90	3.60	1.85	0.00	28.62	0.00	0.00	0.00	0.51	110.00	0.97	0.00	0.03	5.30	0.44	5.10	17.43	257.74	
345.00	379.00	265.00	0.00	108.00	2920.00	0.73	1.47	3.04	117.00	2920.00	27.04	22.00	30.00	1.52	2.32	1.17	0.00	27.04	0.00	0.00	0.00	0.50	108.00	0.95	0.03	0.05	4.57	0.54	1.99	-2.97	119.05	
346.00	983.00	2.00	0.00	107.00	4761.00	0.92	2.51	3.02	126.00	4761.00	44.50	25.00	83.00	16.04	257.38	7.88	0.00	44.50	0.00	0.00	0.00	0.58	107.00	0.95	0.05	0.01	7.21	0.11	106.92	17381.92	1523509.38	
347.00	1040.00	606.00	0.00	107.00	3163.00	0.50	1.16	2.47	132.00	3163.00	29.56	24.00	37.00	3.17	10.06	2.40	0.00	29.56	0.00	0.00	0.00	0.47	107.00	0.95	0.03	0.02	6.16	0.35	7.35	96.90	2439.79	
348.00	2.00	527.00	0.00	106.00	3587.00	0.95	3.20	1.50	120.00	3587.00	33.84	24.00	60.00	9.54	91.05	4.56	0.00	33.84	0.00	0.00	0.00	0.61	106.00	0.94	0.05	0.02	6.45	0.21	40.95	4360.65	196358.16	
349.00	859.00	691.00	0.00	104.00	3160.00	0.39	1.09	2.49	121.00	3160.00	30.38	23.00	36.00	2.94	8.65	2.18	0.00	30.38	0.00	0.00	0.00	0.47	104.00	0.92	0.07	0.02	5.84	0.33	6.49	-31.06	1127.66	
350.00	465.00	177.00	0.00	103.00	2806.00	0.64	1.31	2.30	132.00	2806.00	27.24	24.00	30.00	1.03	1.07	1.06	0.00	27.24	0.00	0.00	0.00	0.49	103.00	0.91	0.10	0.10	3.76	0.60	1.46	-0.20	15.19	
351.00	1047.00	198.00	0.00	103.00	2810.00	0.81	1.72	1.90	126.00	2810.00	27.28	24.00	29.00	1.22	1.50	1.32	0.00	27.28	0.00	0.00	0.00	0.52	103.00	0.91	0.00	0.07	4.21	0.53	2.43	-0.77	16.96	
352.00	94.00	550.00	0.00	99.00	3143.00	0.91	2.43	3.03	119.00	3143.00	31.75	25.00	39.00	3.27	10.70	1.98	0.00	31.75	0.00	0.00	0.00	0.56	99.00	0.88	0.11	0.02	5.93	0.39	4.26	-62.77	2336.92	
353.00	901.00	646.00	0.00	98.00	3183.00	0.51	1.16	2.66	110.00	3183.00	32.48	25.00	42.00	4.47	20.03	3.47	0.00	32.48	0.00	0.00	0.00	0.47	98.00	0.87	0.00	0.01	6.48	0.32	15.45	-8.01	6854.89	
354.00	898.00	852.00	0.00	98.00	3088.00	0.79	1.62	3.10	104.00	3088.00	31.51	25.00	41.00	4.42	19.53	2.62	0.00	31.51	0.00	0.00	0.00	0.50	98.00	0.87	0.00	0.01	6.41	0.31	9.56	234.28	7703.30	
355.00	515.00	291.00	0.00	91.00	2383.00	0.54	1.19	2.64	120.00	2383.00	26.19	22.00	29.00	1.63	2.64	1.12	0.00	26.19	0.00	0.00	0.00	0.48	91.00	0.80	0.08	0.04	4.72	0.57	1.67	-14.38	204.84	
356.00	30.00	76.00	0.00	87.00	2316.00	0.79	1.63	0.15	104.00	2316.00	26.62	23.00	30.00	1.73	2.98	1.28	0.00	26.62	0.00	0.00	0.00	0.48	87.00	0.77	0.11	0.04	4.79	0.47	2.73	-18.64	214.88	
357.00	351.00	478.00	0.00	84.00	2352.00	0.70	1.40	0.40	99.00	2352.00	28.00	24.00	32.00	1.80	3.23	1.12	0.00	28.00	0.00	0.00	0.00	0.47	84.00	0.74	0.10	0.05	4.59	0.60	1.67	3.44	165.86	
358.00	1189.00	182.00	0.00	82.00	2400.00	0.88	2.14	2.53	130.00	2400.00	29.27	25.00	34.00	2.23	4.99	1.72	0.00	29.27	0.00	0.00	0.00	0.57	82.00	0.73	0.10	0.03	5.36	0.41	4.68	-5.73	302.82	
359.00	622.00	853.00	0.00	81.00	3069.00	0.92	2.60	3.09	102.00	3069.00	37.89	25.00	64.00	10.44	108.95	5.89	0.00	37.89	0.00	0.00	0.00	0.55	81.00	0.72	0.00	0.01	6.81	0.13	46.85	3476.66	239837.03	
360.00	35.00	85.00	0.00	73.00	2065.00	0.91	2.37	1.72	90.00	2065.00	28.29	25.00	33.00	1.79	3.21	1.81	0.00	28.29	0.00	0.00	0.00	0.53	73.00	0.65	0.11	0.04	5.11	0.40	4.34	11.13	176.74	
361.00	345.00	607.00	0.00	63.00	1806.00	0.70	1.40	1.10	80.00	1806.00	28.67	25.00	35.00	2.57	6.61	2.30	0.00	28.67	0.00	0.00	0.00	0.43	63.00	0.56	0.08	0.02	5.54	0.38	6.46	10.18	651.41	
362.00	313.00	854.00	0.00	60.00	2025.00	0.97	4.04	0.00	68.00	2025.00	33.75	25.00	47.00	6.46	41.78	4.37	0.00	33.75	0.00	0.00	0.00	0.58	60.00	0.53	0.00	0.02	6.18	0.16	27.14	319.20	25323.99	
363.00	1233.00	767.00	0.00	59.00	1558.00	0.81	1.72	3.11	72.00	1558.00	26.41	25.00	30.00	1.04	1.07	1.00	0.00	26.41	0.00	0.00	0.00	0.45	59.00	0.52	0.08	0.16	3.31	0.63	1.55	2.01	13.79	
364.00	1384.00	58.00	0.00	58.00	1958.00	0.88	2.08	1.78	72.00	1958.00	33.76	24.00	51.00	7.21	52.01	4.65	0.00	33.76	0.00	0.00	0.00	0.48	58.00	0.51	0.03	0.01	6.31	0.13	35.66	691.47	42544.20	
365.00	1235.00	414.00	0.00	56.00	1749.00	0.42	1.10	0.27	72.00	1749.00	31.23	25.00	37.00	3.66	13.38	2.78	0.00	31.23	0.00	0.00	0.00	0.40	56.00	0.50	0.08	0.03	5.51	0.34	11.05	-46.98	1781.55	
366.00	1383.00	2.00	0.00	54.00	2789.00	0.53	1.18	0.25	56.00	2789.00	51.65	23.00	87.00	17.11	292.69	6.93	0.00	51.65	0.00	0.00	0.00	0.41	54.00	0.48	0.08	0.01	6.24	0.12	66.54	-277.50	1540762.38	
367.00	91.00	76.00	0.00	50.00	1482.00	0.88	2.09	0.09	55.00	1482.00	29.64	25.00	34.00	2.18	4.77	1.93	0.00	29.64	0.00	0.00	0.00	0.45	50.00	0.44	0.13	0.04	4.86	0.46	2.51	19.57	424.26	
368.00	23.00	97.00	0.00	48.00	1344.00	0.96	3.38	3.07	56.00	1344.00	28.00	25.00	30.00	1.13	1.28	1.29	0.00	28.00	0.00	0.00	0.00	0.51	48.00	0.42	0.11	0.11	3.64	0.61	1.55	-4.12	29.48	
369.00	695.00	534.00	0.00	48.00	1414.00	0.95	3.21	1.57	52.00	1414.00	29.46	25.00	36.00	3.04	9.23	2.33	0.00	29.46	0.00	0.00	0.00	0.50	48.00	0.42	0.12	0.03	5.17	0.37	6.45	34.36	1358.16	
370.00	1093.00	835.00	0.00	48.00	1326.00	0.66	1.33	1.57	48.00	1326.00	27.62	25.00	30.00	1.10	1.22	1.26	0.00	27.62	0.00	0.00	0.00	0.39	48.00	0.42	0.00	0.08	3.85	0.54	1.74	0.91	18.47	
371.00	352.00	608.00	0.00	43.00	1408.00	0.71	1.42	2.48	56.00	1408.00	32.74	25.00	40.00	4.83	23.34	3.25	0.00	32.74	0.00	0.00	0.00	0.42	43.00	0.38	0.13	0.02	5.48	0.30	21.17	-60.07	5818.17	
373.00	10.00	185.00	0.00	26.00	685.00	0.83	1.80	1.45	28.00	685.00	26.35	25.00	28.00	0.69	0.48	0.86	0.00	26.35	0.00	0.00	0.00	0.35	26.00	0.23	0.11	0.27	2.13	0.82	0.35	0.45	1.68	
