ID	centroid_x	centroid_y	centroid_z	volume	integrated_intensity	eccentricity	elongation	orientation	bounding_box_volume	sum	mean	minimum	maximum	sigma	variance	surface_gradient	interior_gradient	surface_intensity	interior_intensity	intensity_ratio	convexity	radius_variation	surface_area	shape	shared_boundary	t_energy	t_entropy	inverse_diff_moment	inertia	cluster_shade	cluster_prominence	
1.00	700.00	142.00	0.00	866.00	77992.00	0.66	1.33	0.93	1221.00	77992.00	90.06	25.00	207.00	55.52	3081.98	12.65	0.00	90.06	0.00	0.00	0.00	0.82	866.00	7.66	0.01	0.00	10.25	0.09	162.42	682347.75	281235072.00	
2.00	721.00	776.00	0.00	807.00	59502.00	0.67	1.34	2.79	1008.00	59502.00	73.73	25.00	151.00	34.48	1189.00	8.97	0.00	73.73	0.00	0.00	0.00	0.81	807.00	7.14	0.01	0.00	10.11	0.08	111.42	111514.16	42116128.00	
3.00	1097.00	144.00	0.00	801.00	44488.00	0.76	1.53	2.36	1122.00	44488.00	55.54	23.00	121.00	25.34	641.96	6.69	0.00	55.54	0.00	0.00	0.00	0.86	801.00	7.08	0.01	0.00	9.83	0.09	76.96	75765.80	14212291.00	
4.00	711.00	523.00	0.00	789.00	47002.00	0.79	1.63	2.06	1248.00	47002.00	59.57	25.00	127.00	27.34	747.44	7.01	0.00	59.57	0.00	0.00	0.00	0.85	789.00	6.98	0.02	0.00	9.89	0.12	100.81	83360.98	17258166.00	
5.00	988.00	354.00	0.00	769.00	66555.00	0.60	1.25	2.87	952.00	66555.00	86.55	25.00	167.00	39.88	1590.77	9.84	0.00	86.55	0.00	0.00	0.00	0.80	769.00	6.80	0.02	0.00	10.17	0.11	149.39	-11079.65	63099864.00	
6.00	957.00	210.00	0.00	743.00	54983.00	0.78	1.60	2.91	900.00	54983.00	74.00	24.00	147.00	33.66	1132.72	8.70	0.00	74.00	0.00	0.00	0.00	0.83	743.00	6.57	0.03	0.00	10.07	0.10	118.12	77209.71	34720512.00	
7.00	489.00	106.00	0.00	730.00	41370.00	0.70	1.40	2.45	960.00	41370.00	56.67	25.00	111.00	24.73	611.79	6.66	0.00	56.67	0.00	0.00	0.00	0.81	730.00	6.45	0.00	0.00	9.68	0.11	72.74	42427.79	10059664.00	
8.00	1015.00	440.00	0.00	710.00	52529.00	0.82	1.76	1.93	1134.00	52529.00	73.98	23.00	160.00	39.63	1570.55	10.87	0.00	73.98	0.00	0.00	0.00	0.86	710.00	6.28	0.03	0.00	10.00	0.07	215.24	249202.12	75338240.00	
9.00	1194.00	152.00	0.00	691.00	79188.00	0.78	1.59	0.40	1248.00	79188.00	114.60	22.00	255.00	70.87	5021.95	13.41	0.00	114.60	0.00	0.00	0.00	0.79	691.00	6.11	0.05	0.00	10.02	0.04	493.93	399427.09	634407104.00	
10.00	1179.00	171.00	0.00	683.00	66906.00	0.51	1.16	2.76	1023.00	66906.00	97.96	23.00	201.00	58.70	3445.53	13.49	0.00	97.96	0.00	0.00	0.00	0.75	683.00	6.04	0.04	0.00	9.94	0.04	425.60	344964.00	267360672.00	
11.00	1153.00	446.00	0.00	682.00	46162.00	0.61	1.26	1.34	891.00	46162.00	67.69	25.00	145.00	32.97	1086.89	9.15	0.00	67.69	0.00	0.00	0.00	0.75	682.00	6.03	0.00	0.00	9.90	0.09	115.62	117975.59	34007932.00	
12.00	998.00	176.00	0.00	681.00	52372.00	0.46	1.13	0.13	868.00	52372.00	76.90	25.00	155.00	34.20	1169.52	8.11	0.00	76.90	0.00	0.00	0.00	0.77	681.00	6.02	0.05	0.00	9.86	0.12	73.25	68992.70	44074296.00	
13.00	358.00	588.00	0.00	662.00	45505.00	0.75	1.51	1.84	816.00	45505.00	68.74	23.00	126.00	30.86	952.61	8.90	0.00	68.74	0.00	0.00	0.00	0.78	662.00	5.85	0.01	0.00	9.87	0.09	121.84	40019.18	20659232.00	
14.00	1373.00	21.00	0.00	659.00	40683.00	0.83	1.81	2.22	1015.00	40683.00	61.73	23.00	122.00	28.44	809.10	7.54	0.00	61.73	0.00	0.00	0.00	0.87	659.00	5.83	0.01	0.00	9.71	0.08	116.40	70267.82	17514290.00	
15.00	12.00	67.00	0.00	646.00	38527.00	0.49	1.15	1.27	806.00	38527.00	59.64	22.00	114.00	25.40	645.10	6.89	0.00	59.64	0.00	0.00	0.00	0.73	646.00	5.71	0.01	0.00	9.63	0.17	53.10	40102.53	11317793.00	
16.00	953.00	278.00	0.00	645.00	34861.00	0.85	1.88	2.14	980.00	34861.00	54.05	23.00	101.00	20.67	427.15	6.58	0.00	54.05	0.00	0.00	0.00	0.88	645.00	5.70	0.02	0.00	9.67	0.11	87.06	22315.51	4713173.50	
17.00	941.00	842.00	0.00	628.00	52284.00	0.70	1.40	2.51	754.00	52284.00	83.25	22.00	157.00	38.34	1469.82	10.19	0.00	83.25	0.00	0.00	0.00	0.78	628.00	5.55	0.02	0.00	9.86	0.07	205.05	54131.47	56659168.00	
18.00	729.00	494.00	0.00	618.00	38235.00	0.76	1.53	2.56	952.00	38235.00	61.87	25.00	121.00	26.06	679.23	7.32	0.00	61.87	0.00	0.00	0.00	0.79	618.00	5.46	0.03	0.00	9.76	0.08	104.56	51431.41	12541970.00	
19.00	477.00	556.00	0.00	613.00	31814.00	0.58	1.23	0.09	891.00	31814.00	51.90	25.00	92.00	19.58	383.33	5.22	0.00	51.90	0.00	0.00	0.00	0.74	613.00	5.42	0.02	0.00	9.24	0.16	27.10	16349.07	4024860.00	
20.00	515.00	602.00	0.00	609.00	38478.00	0.73	1.47	3.00	832.00	38478.00	63.18	23.00	124.00	27.29	744.60	6.74	0.00	63.18	0.00	0.00	0.00	0.77	609.00	5.38	0.03	0.00	9.67	0.13	58.67	50048.65	15504015.00	
21.00	442.00	36.00	0.00	589.00	35725.00	0.55	1.20	1.19	812.00	35725.00	60.65	23.00	125.00	28.42	807.45	7.01	0.00	60.65	0.00	0.00	0.00	0.75	589.00	5.21	0.04	0.00	9.43	0.17	49.01	72553.07	19170178.00	
22.00	1236.00	311.00	0.00	585.00	38826.00	0.75	1.51	2.25	756.00	38826.00	66.37	23.00	115.00	27.00	729.10	8.07	0.00	66.37	0.00	0.00	0.00	0.80	585.00	5.17	0.02	0.00	9.54	0.13	129.16	-4249.54	11284945.00	
23.00	1292.00	167.00	0.00	583.00	55523.00	0.63	1.29	2.09	1184.00	55523.00	95.24	25.00	185.00	48.18	2321.23	13.14	0.00	95.24	0.00	0.00	0.00	0.72	583.00	5.16	0.04	0.00	9.76	0.02	424.83	25591.39	121069440.00	
24.00	929.00	300.00	0.00	579.00	36166.00	0.70	1.40	2.13	775.00	36166.00	62.46	24.00	127.00	29.73	883.94	8.37	0.00	62.46	0.00	0.00	0.00	0.75	579.00	5.12	0.03	0.00	9.64	0.10	115.35	56217.38	19040112.00	
25.00	582.00	14.00	0.00	578.00	32090.00	0.88	2.07	0.15	777.00	32090.00	55.52	22.00	115.00	23.74	563.41	7.78	0.00	55.52	0.00	0.00	0.00	0.82	578.00	5.11	0.03	0.00	9.43	0.14	61.19	56793.39	10846346.00	
26.00	751.00	641.00	0.00	569.00	30070.00	0.81	1.69	2.18	780.00	30070.00	52.85	25.00	92.00	19.41	376.63	6.40	0.00	52.85	0.00	0.00	0.00	0.80	569.00	5.03	0.00	0.00	9.41	0.10	70.23	10912.15	3252711.25	
27.00	976.00	759.00	0.00	563.00	34868.00	0.70	1.39	2.09	754.00	34868.00	61.93	25.00	106.00	23.56	554.89	7.25	0.00	61.93	0.00	0.00	0.00	0.75	563.00	4.98	0.03	0.00	9.49	0.07	94.02	6801.26	6811724.00	
28.00	97.00	566.00	0.00	562.00	24996.00	0.66	1.33	2.43	728.00	24996.00	44.48	25.00	77.00	13.95	194.58	3.93	0.00	44.48	0.00	0.00	0.00	0.75	562.00	4.97	0.03	0.00	8.83	0.23	20.94	9592.58	1213675.00	
29.00	1081.00	731.00	0.00	562.00	28952.00	0.75	1.51	2.37	841.00	28952.00	51.52	25.00	94.00	19.20	368.60	6.10	0.00	51.52	0.00	0.00	0.00	0.77	562.00	4.97	0.01	0.00	9.38	0.09	64.65	17476.04	3483467.25	
30.00	966.00	826.00	0.00	562.00	39576.00	0.78	1.60	1.81	770.00	39576.00	70.42	24.00	132.00	31.12	968.38	7.42	0.00	70.42	0.00	0.00	0.00	0.78	562.00	4.97	0.04	0.00	9.62	0.09	68.01	41691.04	23701326.00	
31.00	955.00	321.00	0.00	560.00	30674.00	0.92	2.59	1.97	897.00	30674.00	54.78	25.00	101.00	21.10	445.41	8.05	0.00	54.78	0.00	0.00	0.00	0.93	560.00	4.95	0.00	0.00	9.49	0.07	122.36	14757.96	4386538.50	
32.00	1251.00	14.00	0.00	557.00	37596.00	0.69	1.38	2.83	690.00	37596.00	67.50	25.00	125.00	31.24	975.67	9.61	0.00	67.50	0.00	0.00	0.00	0.73	557.00	4.93	0.00	0.00	9.59	0.09	136.57	33809.37	20902262.00	
33.00	734.00	184.00	0.00	554.00	34542.00	0.78	1.59	2.11	775.00	34542.00	62.35	25.00	121.00	26.04	678.21	8.85	0.00	62.35	0.00	0.00	0.00	0.77	554.00	4.90	0.00	0.00	9.58	0.07	123.95	21823.66	10767465.00	
34.00	973.00	173.00	0.00	553.00	30467.00	0.87	2.03	2.35	957.00	30467.00	55.09	21.00	111.00	22.86	522.63	7.43	0.00	55.09	0.00	0.00	0.00	0.90	553.00	4.89	0.03	0.00	9.53	0.09	127.52	28655.40	7226939.50	
35.00	170.00	73.00	0.00	552.00	30564.00	0.70	1.39	2.48	729.00	30564.00	55.37	25.00	108.00	24.17	584.05	7.18	0.00	55.37	0.00	0.00	0.00	0.76	552.00	4.88	0.00	0.00	9.44	0.11	77.20	47622.54	9073245.00	
36.00	775.00	672.00	0.00	552.00	28184.00	0.68	1.36	2.70	837.00	28184.00	51.06	25.00	83.00	17.19	295.38	5.46	0.00	51.06	0.00	0.00	0.00	0.72	552.00	4.88	0.02	0.00	9.15	0.10	53.14	1276.02	1901927.00	
37.00	1159.00	264.00	0.00	550.00	45648.00	0.62	1.27	0.84	891.00	45648.00	83.00	25.00	159.00	40.07	1605.39	10.42	0.00	83.00	0.00	0.00	0.00	0.74	550.00	4.86	0.04	0.00	9.72	0.04	189.42	49417.77	62667052.00	
38.00	697.00	619.00	0.00	547.00	34861.00	0.48	1.14	2.51	729.00	34861.00	63.73	22.00	115.00	25.48	649.03	7.77	0.00	63.73	0.00	0.00	0.00	0.69	547.00	4.84	0.04	0.00	9.55	0.09	95.07	5893.07	10600044.00	
39.00	987.00	734.00	0.00	547.00	34432.00	0.66	1.34	2.24	841.00	34432.00	62.95	24.00	117.00	27.63	763.37	7.34	0.00	62.95	0.00	0.00	0.00	0.75	547.00	4.84	0.04	0.00	9.56	0.07	115.09	46308.35	14908002.00	
40.00	719.00	627.00	0.00	541.00	29903.00	0.79	1.61	2.46	754.00	29903.00	55.27	22.00	92.00	19.34	374.05	6.68	0.00	55.27	0.00	0.00	0.00	0.78	541.00	4.78	0.02	0.00	9.32	0.15	89.80	732.87	2943843.75	
41.00	1141.00	840.00	0.00	539.00	22173.00	0.75	1.51	1.91	690.00	22173.00	41.14	21.00	59.00	10.07	101.41	2.98	0.00	41.14	0.00	0.00	0.00	0.77	539.00	4.77	0.02	0.00	8.31	0.22	13.22	-884.39	224094.48	
42.00	985.00	440.00	0.00	538.00	31850.00	0.83	1.81	2.54	810.00	31850.00	59.20	22.00	115.00	28.65	820.60	8.80	0.00	59.20	0.00	0.00	0.00	0.82	538.00	4.76	0.02	0.00	9.44	0.07	179.95	34454.38	14188969.00	
43.00	1228.00	751.00	0.00	534.00	26104.00	0.65	1.32	0.87	650.00	26104.00	48.88	24.00	91.00	18.62	346.77	5.70	0.00	48.88	0.00	0.00	0.00	0.73	534.00	4.72	0.01	0.00	9.09	0.15	29.56	22006.82	3506633.25	
44.00	25.00	370.00	0.00	531.00	39061.00	0.44	1.11	1.64	648.00	39061.00	73.56	25.00	135.00	31.80	1010.98	8.97	0.00	73.56	0.00	0.00	0.00	0.71	531.00	4.70	0.02	0.00	9.56	0.09	90.28	-4567.79	24417040.00	
45.00	437.00	274.00	0.00	530.00	35438.00	0.66	1.34	3.10	690.00	35438.00	66.86	25.00	117.00	27.45	753.48	8.23	0.00	66.86	0.00	0.00	0.00	0.70	530.00	4.69	0.02	0.00	9.48	0.14	59.08	8115.75	13768722.00	
46.00	838.00	521.00	0.00	530.00	30098.00	0.73	1.45	1.54	682.00	30098.00	56.79	25.00	95.00	20.44	417.82	6.25	0.00	56.79	0.00	0.00	0.00	0.72	530.00	4.69	0.02	0.00	9.33	0.11	56.22	-453.96	3872218.25	
47.00	746.00	475.00	0.00	527.00	33326.00	0.44	1.11	2.73	756.00	33326.00	63.24	24.00	106.00	22.08	487.49	6.72	0.00	63.24	0.00	0.00	0.00	0.71	527.00	4.66	0.04	0.00	9.38	0.11	78.69	-8988.84	5490048.00	
48.00	1274.00	508.00	0.00	527.00	34096.00	0.64	1.30	2.65	672.00	34096.00	64.70	25.00	127.00	31.72	1006.09	7.56	0.00	64.70	0.00	0.00	0.00	0.73	527.00	4.66	0.02	0.00	9.55	0.09	110.62	82992.89	23936746.00	
49.00	560.00	33.00	0.00	526.00	33383.00	0.73	1.47	2.33	729.00	33383.00	63.47	22.00	118.00	27.21	740.17	8.70	0.00	63.47	0.00	0.00	0.00	0.75	526.00	4.65	0.01	0.00	9.56	0.11	130.35	20284.39	11856412.00	
50.00	838.00	136.00	0.00	526.00	42035.00	0.76	1.55	2.26	700.00	42035.00	79.91	25.00	181.00	43.33	1877.69	13.73	0.00	79.91	0.00	0.00	0.00	0.76	526.00	4.65	0.00	0.00	9.64	0.05	344.73	289394.88	101437816.00	
51.00	1052.00	496.00	0.00	522.00	29700.00	0.70	1.41	2.49	675.00	29700.00	56.90	25.00	106.00	23.96	573.92	7.62	0.00	56.90	0.00	0.00	0.00	0.73	522.00	4.62	0.00	0.00	9.46	0.07	92.71	26298.59	7713223.00	
52.00	326.00	682.00	0.00	520.00	31696.00	0.48	1.14	2.37	625.00	31696.00	60.95	25.00	115.00	25.68	659.39	8.17	0.00	60.95	0.00	0.00	0.00	0.70	520.00	4.60	0.00	0.00	9.47	0.10	85.70	37209.48	10987146.00	
53.00	806.00	800.00	0.00	520.00	28897.00	0.79	1.64	2.52	725.00	28897.00	55.57	25.00	106.00	23.02	530.10	7.60	0.00	55.57	0.00	0.00	0.00	0.77	520.00	4.60	0.00	0.00	9.45	0.07	100.53	26320.94	6706783.00	
54.00	990.00	332.00	0.00	519.00	39558.00	0.48	1.14	3.02	725.00	39558.00	76.22	23.00	133.00	34.30	1176.60	8.91	0.00	76.22	0.00	0.00	0.00	0.75	519.00	4.59	0.05	0.00	9.51	0.07	146.47	-22166.69	30569440.00	
55.00	1331.00	732.00	0.00	519.00	22792.00	0.63	1.28	2.44	650.00	22792.00	43.92	25.00	73.00	14.00	195.94	4.52	0.00	43.92	0.00	0.00	0.00	0.71	519.00	4.59	0.00	0.00	8.92	0.15	31.06	5035.31	900887.06	
56.00	340.00	423.00	0.00	517.00	27688.00	0.51	1.16	2.76	624.00	27688.00	53.56	21.00	100.00	21.11	445.83	6.33	0.00	53.56	0.00	0.00	0.00	0.70	517.00	4.57	0.01	0.00	9.31	0.09	55.73	23399.34	5325241.50	
57.00	545.00	823.00	0.00	515.00	30776.00	0.61	1.26	2.46	784.00	30776.00	59.76	25.00	105.00	23.24	540.28	7.30	0.00	59.76	0.00	0.00	0.00	0.70	515.00	4.55	0.02	0.00	9.39	0.07	94.16	13297.56	6684149.50	
58.00	1296.00	638.00	0.00	514.00	33167.00	0.65	1.32	1.23	648.00	33167.00	64.53	22.00	123.00	26.92	724.92	8.29	0.00	64.53	0.00	0.00	0.00	0.72	514.00	4.54	0.04	0.00	9.44	0.11	61.91	41039.34	14648244.00	
59.00	507.00	232.00	0.00	513.00	20429.00	0.73	1.46	3.13	630.00	20429.00	39.82	23.00	64.00	11.19	125.16	3.68	0.00	39.82	0.00	0.00	0.00	0.72	513.00	4.54	0.00	0.00	8.56	0.23	19.10	2854.55	379697.00	
60.00	188.00	641.00	0.00	512.00	33203.00	0.67	1.35	2.36	675.00	33203.00	64.85	25.00	120.00	27.52	757.55	8.61	0.00	64.85	0.00	0.00	0.00	0.73	512.00	4.53	0.02	0.00	9.52	0.10	126.16	29938.95	13649999.00	
61.00	351.00	100.00	0.00	510.00	36015.00	0.30	1.05	0.26	624.00	36015.00	70.62	24.00	130.00	31.51	992.75	9.51	0.00	70.62	0.00	0.00	0.00	0.70	510.00	4.51	0.02	0.00	9.50	0.07	116.70	22619.92	22903314.00	
62.00	1298.00	663.00	0.00	507.00	23979.00	0.59	1.24	2.10	675.00	23979.00	47.30	22.00	82.00	15.79	249.48	4.91	0.00	47.30	0.00	0.00	0.00	0.71	507.00	4.48	0.03	0.00	9.06	0.13	38.21	6882.34	1553881.00	
63.00	1017.00	754.00	0.00	506.00	29527.00	0.68	1.36	1.82	616.00	29527.00	58.35	25.00	110.00	24.64	607.28	8.09	0.00	58.35	0.00	0.00	0.00	0.71	506.00	4.47	0.00	0.00	9.49	0.08	88.50	37616.56	9403536.00	
64.00	1279.00	770.00	0.00	505.00	32019.00	0.49	1.15	0.43	648.00	32019.00	63.40	21.00	112.00	25.62	656.46	8.34	0.00	63.40	0.00	0.00	0.00	0.69	505.00	4.47	0.02	0.00	9.48	0.12	78.25	9906.67	9926438.00	
65.00	483.00	515.00	0.00	504.00	32125.00	0.67	1.34	2.19	702.00	32125.00	63.74	25.00	123.00	28.68	822.34	9.14	0.00	63.74	0.00	0.00	0.00	0.71	504.00	4.46	0.01	0.00	9.53	0.07	133.73	44934.13	15944226.00	
66.00	709.00	668.00	0.00	502.00	24573.00	0.61	1.26	2.55	600.00	24573.00	48.95	23.00	92.00	19.28	371.71	6.01	0.00	48.95	0.00	0.00	0.00	0.71	502.00	4.44	0.01	0.00	9.16	0.10	56.81	20329.87	3739871.25	
67.00	788.00	846.00	0.00	502.00	20796.00	0.74	1.47	2.95	580.00	20796.00	41.43	21.00	63.00	10.73	115.04	3.61	0.00	41.43	0.00	0.00	0.00	0.73	502.00	4.44	0.00	0.00	8.55	0.19	18.44	1040.04	311168.31	
68.00	1078.00	428.00	0.00	499.00	30228.00	0.79	1.62	2.19	672.00	30228.00	60.58	25.00	104.00	24.07	579.35	8.45	0.00	60.58	0.00	0.00	0.00	0.76	499.00	4.41	0.00	0.00	9.38	0.09	125.91	5692.11	6792736.00	
69.00	883.00	729.00	0.00	497.00	34842.00	0.68	1.36	2.08	700.00	34842.00	70.10	25.00	120.00	27.85	775.82	8.80	0.00	70.10	0.00	0.00	0.00	0.72	497.00	4.39	0.03	0.00	9.47	0.07	144.54	-13767.25	13183386.00	
70.00	974.00	16.00	0.00	491.00	32897.00	0.24	1.03	0.08	675.00	32897.00	67.00	25.00	132.00	31.44	988.26	9.33	0.00	67.00	0.00	0.00	0.00	0.68	491.00	4.34	0.03	0.00	9.49	0.11	95.12	77932.28	26635160.00	
71.00	1183.00	220.00	0.00	491.00	27903.00	0.78	1.60	2.48	756.00	27903.00	56.83	25.00	100.00	22.01	484.24	7.46	0.00	56.83	0.00	0.00	0.00	0.75	491.00	4.34	0.02	0.00	9.39	0.08	107.62	13755.00	5236234.50	
72.00	756.00	343.00	0.00	491.00	37436.00	0.59	1.24	2.49	575.00	37436.00	76.24	21.00	135.00	34.01	1156.54	10.53	0.00	76.24	0.00	0.00	0.00	0.71	491.00	4.34	0.02	0.00	9.55	0.09	202.24	-37317.57	28226682.00	
73.00	78.00	480.00	0.00	489.00	34666.00	0.72	1.44	2.53	648.00	34666.00	70.89	25.00	133.00	32.95	1085.72	10.92	0.00	70.89	0.00	0.00	0.00	0.72	489.00	4.32	0.00	0.00	9.57	0.07	196.01	41629.36	25842698.00	
74.00	100.00	134.00	0.00	486.00	37009.00	0.65	1.31	3.02	567.00	37009.00	76.15	24.00	190.00	44.23	1955.99	13.49	0.00	76.15	0.00	0.00	0.00	0.70	486.00	4.30	0.01	0.00	9.61	0.05	298.42	418877.91	129193288.00	
75.00	398.00	159.00	0.00	485.00	38401.00	0.41	1.10	2.30	576.00	38401.00	79.18	25.00	158.00	40.50	1640.05	12.92	0.00	79.18	0.00	0.00	0.00	0.69	485.00	4.29	0.00	0.00	9.53	0.06	218.92	105197.09	63143080.00	
76.00	1273.00	463.00	0.00	485.00	29991.00	0.65	1.32	2.18	598.00	29991.00	61.84	25.00	107.00	24.26	588.39	8.40	0.00	61.84	0.00	0.00	0.00	0.70	485.00	4.29	0.00	0.00	9.43	0.09	106.84	5130.08	7362923.00	
77.00	998.00	712.00	0.00	484.00	42929.00	0.72	1.44	2.61	768.00	42929.00	88.70	24.00	154.00	38.78	1503.83	10.50	0.00	88.70	0.00	0.00	0.00	0.73	484.00	4.28	0.07	0.00	9.56	0.05	258.00	-100997.48	54219604.00	
78.00	1315.00	135.00	0.00	482.00	38562.00	0.80	1.65	2.60	713.00	38562.00	80.00	25.00	160.00	41.10	1689.61	12.59	0.00	80.00	0.00	0.00	0.00	0.78	482.00	4.26	0.02	0.00	9.57	0.05	344.59	104168.02	67080128.00	
79.00	1090.00	398.00	0.00	481.00	29927.00	0.80	1.65	2.60	644.00	29927.00	62.22	25.00	108.00	25.02	626.09	8.97	0.00	62.22	0.00	0.00	0.00	0.76	481.00	4.25	0.00	0.00	9.37	0.08	148.92	-1176.18	7681635.00	
80.00	426.00	419.00	0.00	478.00	33316.00	0.29	1.05	0.61	552.00	33316.00	69.70	23.00	124.00	29.38	863.05	9.53	0.00	69.70	0.00	0.00	0.00	0.68	478.00	4.23	0.02	0.00	9.45	0.10	99.63	2436.00	16959520.00	
81.00	465.00	476.00	0.00	478.00	31955.00	0.68	1.37	2.82	567.00	31955.00	66.85	25.00	121.00	30.09	905.14	9.97	0.00	66.85	0.00	0.00	0.00	0.71	478.00	4.23	0.00	0.00	9.50	0.07	153.31	26291.59	17136826.00	
82.00	641.00	524.00	0.00	478.00	31083.00	0.37	1.08	2.05	624.00	31083.00	65.03	24.00	104.00	23.79	566.05	7.22	0.00	65.03	0.00	0.00	0.00	0.71	478.00	4.23	0.04	0.00	9.31	0.12	93.09	-21952.80	7085902.50	
83.00	191.00	507.00	0.00	477.00	32016.00	0.41	1.10	0.78	576.00	32016.00	67.12	25.00	120.00	27.74	769.55	9.54	0.00	67.12	0.00	0.00	0.00	0.67	477.00	4.22	0.00	0.00	9.41	0.12	100.26	5080.75	13210003.00	
84.00	916.00	325.00	0.00	476.00	31047.00	0.62	1.28	2.10	598.00	31047.00	65.22	25.00	115.00	27.97	782.54	9.17	0.00	65.22	0.00	0.00	0.00	0.69	476.00	4.21	0.01	0.00	9.38	0.09	131.46	16755.11	12518556.00	
85.00	421.00	31.00	0.00	475.00	25460.00	0.60	1.25	1.90	572.00	25460.00	53.60	25.00	84.00	17.24	297.38	4.99	0.00	53.60	0.00	0.00	0.00	0.70	475.00	4.20	0.03	0.00	8.84	0.22	28.30	-7515.88	1930084.38	
86.00	983.00	36.00	0.00	475.00	28478.00	0.68	1.36	2.42	625.00	28478.00	59.95	25.00	113.00	25.53	651.63	8.12	0.00	59.95	0.00	0.00	0.00	0.71	475.00	4.20	0.02	0.00	9.43	0.09	103.30	41397.20	11092902.00	
87.00	207.00	737.00	0.00	474.00	23085.00	0.28	1.04	1.95	576.00	23085.00	48.70	25.00	88.00	17.90	320.53	5.79	0.00	48.70	0.00	0.00	0.00	0.67	474.00	4.19	0.00	0.00	9.08	0.17	39.97	17724.79	2839214.00	
88.00	905.00	359.00	0.00	473.00	28229.00	0.70	1.40	2.31	600.00	28229.00	59.68	22.00	117.00	27.68	766.09	8.80	0.00	59.68	0.00	0.00	0.00	0.71	473.00	4.18	0.01	0.00	9.40	0.08	130.99	58484.76	14598615.00	
89.00	901.00	709.00	0.00	473.00	31550.00	0.75	1.50	2.22	672.00	31550.00	66.70	25.00	112.00	25.71	661.22	8.28	0.00	66.70	0.00	0.00	0.00	0.73	473.00	4.18	0.03	0.00	9.42	0.09	141.14	-15249.15	8953553.00	
90.00	752.00	365.00	0.00	470.00	30654.00	0.70	1.40	2.36	600.00	30654.00	65.22	25.00	127.00	27.70	767.20	8.79	0.00	65.22	0.00	0.00	0.00	0.73	470.00	4.16	0.02	0.00	9.38	0.07	132.76	27532.25	14328983.00	
91.00	858.00	300.00	0.00	467.00	33120.00	0.70	1.40	2.32	600.00	33120.00	70.92	22.00	155.00	36.02	1297.20	11.23	0.00	70.92	0.00	0.00	0.00	0.73	467.00	4.13	0.03	0.00	9.53	0.05	233.92	176904.36	51480936.00	
92.00	1142.00	481.00	0.00	466.00	32124.00	0.66	1.34	2.15	648.00	32124.00	68.94	25.00	131.00	32.61	1063.71	10.60	0.00	68.94	0.00	0.00	0.00	0.69	466.00	4.12	0.02	0.00	9.40	0.06	180.51	58815.18	25415250.00	
93.00	464.00	736.00	0.00	466.00	30003.00	0.69	1.38	2.31	576.00	30003.00	64.38	25.00	114.00	26.94	725.54	9.26	0.00	64.38	0.00	0.00	0.00	0.71	466.00	4.12	0.00	0.00	9.39	0.08	135.81	15051.35	11054028.00	
94.00	528.00	839.00	0.00	464.00	26609.00	0.52	1.17	3.14	780.00	26609.00	57.35	25.00	105.00	21.69	470.46	6.48	0.00	57.35	0.00	0.00	0.00	0.66	464.00	4.10	0.05	0.00	9.19	0.07	76.72	13166.82	5622922.00	
95.00	1105.00	64.00	0.00	463.00	32819.00	0.67	1.35	2.29	600.00	32819.00	70.88	22.00	142.00	34.52	1191.75	11.44	0.00	70.88	0.00	0.00	0.00	0.70	463.00	4.09	0.00	0.00	9.51	0.07	206.27	74681.81	33649492.00	
96.00	711.00	340.00	0.00	463.00	32682.00	0.76	1.55	0.20	570.00	32682.00	70.59	25.00	125.00	31.77	1009.20	8.59	0.00	70.59	0.00	0.00	0.00	0.71	463.00	4.09	0.02	0.00	9.34	0.15	51.50	40529.21	24027678.00	
97.00	336.00	632.00	0.00	463.00	34174.00	0.63	1.29	2.21	575.00	34174.00	73.81	25.00	138.00	34.75	1207.27	11.65	0.00	73.81	0.00	0.00	0.00	0.69	463.00	4.09	0.00	0.00	9.46	0.08	200.74	49016.54	32607202.00	
98.00	1370.00	89.00	0.00	462.00	31021.00	0.70	1.40	2.41	600.00	31021.00	67.15	25.00	136.00	32.35	1046.35	10.77	0.00	67.15	0.00	0.00	0.00	0.70	462.00	4.09	0.01	0.00	9.50	0.06	200.02	68028.87	25029732.00	
99.00	1025.00	624.00	0.00	461.00	23738.00	0.89	2.17	2.02	704.00	23738.00	51.49	22.00	86.00	17.57	308.63	7.36	0.00	51.49	0.00	0.00	0.00	0.83	461.00	4.08	0.01	0.00	9.20	0.11	115.98	2188.48	1835647.12	
100.00	101.00	291.00	0.00	460.00	15100.00	0.67	1.34	1.60	609.00	15100.00	32.83	25.00	49.00	6.03	36.41	1.99	0.00	32.83	0.00	0.00	0.00	0.68	460.00	4.07	0.03	0.01	7.35	0.35	6.52	964.29	43024.08	
101.00	1147.00	284.00	0.00	456.00	36546.00	0.56	1.21	2.28	624.00	36546.00	80.14	24.00	134.00	34.05	1159.21	10.19	0.00	80.14	0.00	0.00	0.00	0.69	456.00	4.03	0.05	0.00	9.32	0.06	229.33	-75191.13	27150224.00	
102.00	999.00	310.00	0.00	456.00	29635.00	0.70	1.40	1.90	594.00	29635.00	64.99	25.00	107.00	25.27	638.40	8.00	0.00	64.99	0.00	0.00	0.00	0.70	456.00	4.03	0.02	0.00	9.31	0.07	117.67	-14411.79	8217864.50	
103.00	198.00	469.00	0.00	453.00	21897.00	0.78	1.59	2.33	624.00	21897.00	48.34	25.00	75.00	14.97	224.05	5.05	0.00	48.34	0.00	0.00	0.00	0.76	453.00	4.01	0.02	0.00	8.86	0.14	38.50	-673.23	1051278.50	
104.00	270.00	51.00	0.00	452.00	20927.00	0.73	1.46	0.64	783.00	20927.00	46.30	25.00	77.00	13.72	188.29	4.66	0.00	46.30	0.00	0.00	0.00	0.72	452.00	4.00	0.02	0.00	8.49	0.28	10.40	1312.93	917983.69	
105.00	754.00	688.00	0.00	451.00	21366.00	0.72	1.43	2.47	676.00	21366.00	47.37	22.00	77.00	14.94	223.28	5.18	0.00	47.37	0.00	0.00	0.00	0.70	451.00	3.99	0.02	0.00	8.95	0.09	52.45	1667.22	1058943.12	
106.00	424.00	442.00	0.00	448.00	26118.00	0.68	1.36	1.79	520.00	26118.00	58.30	23.00	105.00	23.52	553.39	7.81	0.00	58.30	0.00	0.00	0.00	0.70	448.00	3.96	0.02	0.00	9.24	0.08	84.37	23662.12	7427519.50	
107.00	676.00	570.00	0.00	447.00	26215.00	0.92	2.51	2.33	896.00	26215.00	58.65	25.00	102.00	21.52	462.97	7.64	0.00	58.65	0.00	0.00	0.00	0.96	447.00	3.95	0.04	0.00	9.24	0.17	161.63	-777.12	4273879.00	
108.00	1234.00	335.00	0.00	446.00	33674.00	0.53	1.18	2.23	529.00	33674.00	75.50	25.00	141.00	34.26	1173.95	11.24	0.00	75.50	0.00	0.00	0.00	0.69	446.00	3.94	0.02	0.00	9.46	0.08	194.01	18789.51	31543614.00	
109.00	868.00	658.00	0.00	446.00	34584.00	0.71	1.42	0.46	598.00	34584.00	77.54	25.00	156.00	37.07	1373.95	9.86	0.00	77.54	0.00	0.00	0.00	0.71	446.00	3.94	0.03	0.00	9.44	0.05	135.63	99354.12	48527672.00	
110.00	44.00	374.00	0.00	445.00	25180.00	0.63	1.29	1.59	520.00	25180.00	56.58	22.00	100.00	24.27	589.24	6.05	0.00	56.58	0.00	0.00	0.00	0.71	445.00	3.93	0.03	0.00	8.96	0.12	45.90	21397.41	7966142.00	
111.00	860.00	777.00	0.00	443.00	33942.00	0.63	1.29	2.06	575.00	33942.00	76.62	25.00	141.00	38.12	1453.45	11.58	0.00	76.62	0.00	0.00	0.00	0.70	443.00	3.92	0.02	0.00	9.34	0.05	270.50	43262.80	44087612.00	
112.00	605.00	372.00	0.00	442.00	29316.00	0.65	1.31	2.44	552.00	29316.00	66.33	25.00	120.00	28.47	810.61	10.16	0.00	66.33	0.00	0.00	0.00	0.69	442.00	3.91	0.00	0.00	9.37	0.06	159.52	21904.26	14152996.00	
113.00	101.00	323.00	0.00	441.00	28910.00	0.67	1.35	2.19	552.00	28910.00	65.56	25.00	127.00	31.07	965.17	10.69	0.00	65.56	0.00	0.00	0.00	0.71	441.00	3.90	0.00	0.00	9.41	0.08	194.17	65721.59	21961350.00	
114.00	627.00	142.00	0.00	439.00	32882.00	0.48	1.14	2.45	624.00	32882.00	74.90	23.00	130.00	31.55	995.44	9.04	0.00	74.90	0.00	0.00	0.00	0.68	439.00	3.88	0.04	0.00	9.31	0.10	161.55	-40033.49	21230100.00	
115.00	686.00	657.00	0.00	439.00	16185.00	0.71	1.42	2.92	540.00	16185.00	36.87	23.00	59.00	9.84	96.87	3.41	0.00	36.87	0.00	0.00	0.00	0.69	439.00	3.88	0.01	0.00	8.31	0.20	18.13	2869.95	254591.16	
116.00	1014.00	144.00	0.00	438.00	36902.00	0.61	1.26	2.96	594.00	36902.00	84.25	25.00	191.00	48.54	2356.00	14.92	0.00	84.25	0.00	0.00	0.00	0.67	438.00	3.87	0.02	0.00	9.48	0.04	365.75	436897.75	166025648.00	
117.00	203.00	246.00	0.00	437.00	28447.00	0.73	1.47	2.42	576.00	28447.00	65.10	25.00	155.00	37.09	1375.33	12.51	0.00	65.10	0.00	0.00	0.00	0.72	437.00	3.86	0.00	0.00	9.35	0.05	344.77	264576.22	61826412.00	
118.00	928.00	354.00	0.00	436.00	21908.00	0.76	1.53	2.31	575.00	21908.00	50.25	23.00	78.00	16.31	265.98	6.19	0.00	50.25	0.00	0.00	0.00	0.72	436.00	3.86	0.01	0.00	9.05	0.14	77.69	-1419.79	1381084.50	
119.00	753.00	453.00	0.00	435.00	27653.00	0.57	1.22	2.57	528.00	27653.00	63.57	25.00	118.00	24.67	608.66	8.56	0.00	63.57	0.00	0.00	0.00	0.68	435.00	3.85	0.02	0.00	9.30	0.09	110.56	11174.24	9268825.00	
120.00	706.00	323.00	0.00	434.00	30856.00	0.69	1.37	2.84	525.00	30856.00	71.10	25.00	122.00	30.84	951.11	8.79	0.00	71.10	0.00	0.00	0.00	0.71	434.00	3.84	0.03	0.00	9.21	0.07	104.51	752.91	18524314.00	
121.00	1114.00	99.00	0.00	433.00	22242.00	0.66	1.34	2.27	552.00	22242.00	51.37	25.00	85.00	18.04	325.35	6.60	0.00	51.37	0.00	0.00	0.00	0.68	433.00	3.83	0.00	0.00	9.09	0.12	74.07	3724.27	2231347.50	
122.00	557.00	309.00	0.00	433.00	22289.00	0.86	1.98	2.18	644.00	22289.00	51.48	23.00	99.00	20.94	438.34	8.01	0.00	51.48	0.00	0.00	0.00	0.82	433.00	3.83	0.00	0.00	9.25	0.05	138.12	30566.00	4851651.50	
123.00	527.00	581.00	0.00	433.00	26380.00	0.64	1.30	2.11	648.00	26380.00	60.92	25.00	108.00	24.54	602.14	8.21	0.00	60.92	0.00	0.00	0.00	0.68	433.00	3.83	0.04	0.00	9.28	0.06	126.13	16867.64	7872465.50	
124.00	945.00	644.00	0.00	433.00	32164.00	0.81	1.71	2.33	676.00	32164.00	74.28	25.00	143.00	36.05	1299.61	12.75	0.00	74.28	0.00	0.00	0.00	0.76	433.00	3.83	0.02	0.00	9.45	0.05	368.97	53952.03	35401748.00	
125.00	195.00	367.00	0.00	431.00	21073.00	0.44	1.12	1.92	528.00	21073.00	48.89	25.00	88.00	18.60	345.93	6.28	0.00	48.89	0.00	0.00	0.00	0.65	431.00	3.81	0.00	0.00	8.94	0.13	51.12	17267.15	3101304.25	
126.00	1221.00	127.00	0.00	426.00	46715.00	0.76	1.53	1.92	726.00	46715.00	109.66	25.00	243.00	62.58	3916.33	13.30	0.00	109.66	0.00	0.00	0.00	0.70	426.00	3.77	0.07	0.00	9.38	0.08	292.98	15492.02	323728544.00	
127.00	1331.00	255.00	0.00	426.00	27980.00	0.72	1.44	2.34	552.00	27980.00	65.68	24.00	113.00	26.88	722.70	8.71	0.00	65.68	0.00	0.00	0.00	0.73	426.00	3.77	0.02	0.00	9.22	0.07	131.70	-5132.64	10567151.00	
128.00	435.00	164.00	0.00	422.00	22611.00	0.43	1.11	2.93	528.00	22611.00	53.58	25.00	92.00	18.45	340.44	7.07	0.00	53.58	0.00	0.00	0.00	0.65	422.00	3.73	0.00	0.00	9.09	0.18	59.75	2886.54	2684229.75	
129.00	258.00	104.00	0.00	421.00	24538.00	0.73	1.47	1.64	551.00	24538.00	58.29	24.00	100.00	18.58	345.28	5.90	0.00	58.29	0.00	0.00	0.00	0.70	421.00	3.72	0.06	0.00	8.90	0.16	40.56	-1462.31	3893689.75	
130.00	361.00	145.00	0.00	421.00	31490.00	0.55	1.20	0.18	650.00	31490.00	74.80	23.00	133.00	36.79	1353.22	9.91	0.00	74.80	0.00	0.00	0.00	0.69	421.00	3.72	0.04	0.00	9.21	0.09	157.68	-3600.67	36709056.00	
131.00	352.00	161.00	0.00	421.00	33679.00	0.57	1.21	3.06	525.00	33679.00	80.00	25.00	141.00	36.43	1327.48	11.13	0.00	80.00	0.00	0.00	0.00	0.66	421.00	3.72	0.03	0.00	9.35	0.04	229.30	-13817.23	36829380.00	
132.00	1064.00	754.00	0.00	421.00	17728.00	0.70	1.40	2.16	621.00	17728.00	42.11	25.00	67.00	11.93	142.25	4.36	0.00	42.11	0.00	0.00	0.00	0.69	421.00	3.72	0.02	0.00	8.51	0.11	33.13	2953.58	480016.25	
133.00	864.00	675.00	0.00	418.00	34767.00	0.63	1.29	0.45	598.00	34767.00	83.17	23.00	152.00	37.98	1442.34	9.79	0.00	83.17	0.00	0.00	0.00	0.70	418.00	3.70	0.07	0.00	9.38	0.08	118.76	18789.44	52484840.00	
134.00	202.00	842.00	0.00	416.00	29965.00	0.53	1.18	2.68	528.00	29965.00	72.03	25.00	134.00	31.65	1001.86	11.74	0.00	72.03	0.00	0.00	0.00	0.65	416.00	3.68	0.00	0.00	9.30	0.09	189.08	5434.33	21775614.00	
135.00	605.00	534.00	0.00	413.00	28151.00	0.56	1.20	0.93	550.00	28151.00	68.16	25.00	109.00	25.56	653.21	7.92	0.00	68.16	0.00	0.00	0.00	0.66	413.00	3.65	0.03	0.00	9.16	0.12	87.74	-25240.41	9485371.00	
136.00	1203.00	204.00	0.00	412.00	17587.00	0.69	1.39	2.38	650.00	17587.00	42.69	25.00	65.00	12.11	146.74	4.36	0.00	42.69	0.00	0.00	0.00	0.69	412.00	3.64	0.02	0.00	8.46	0.10	38.76	520.49	412985.00	
137.00	122.00	746.00	0.00	412.00	19644.00	0.31	1.05	1.86	506.00	19644.00	47.68	25.00	87.00	17.52	307.03	6.05	0.00	47.68	0.00	0.00	0.00	0.64	412.00	3.64	0.00	0.00	8.95	0.16	42.97	17047.33	2580627.50	
138.00	1053.00	243.00	0.00	411.00	22630.00	0.58	1.23	2.26	576.00	22630.00	55.06	25.00	97.00	21.09	444.98	7.07	0.00	55.06	0.00	0.00	0.00	0.67	411.00	3.63	0.02	0.00	9.08	0.06	86.14	7415.25	4332617.00	
139.00	359.00	463.00	0.00	411.00	14752.00	0.84	1.84	2.85	551.00	14752.00	35.89	25.00	54.00	7.00	48.94	2.49	0.00	35.89	0.00	0.00	0.00	0.75	411.00	3.63	0.04	0.01	7.82	0.31	10.23	979.30	71919.07	
140.00	1127.00	502.00	0.00	411.00	20206.00	0.67	1.34	2.11	621.00	20206.00	49.16	25.00	88.00	17.22	296.64	6.03	0.00	49.16	0.00	0.00	0.00	0.67	411.00	3.63	0.04	0.00	8.91	0.09	63.89	13543.39	2241010.75	
141.00	74.00	673.00	0.00	406.00	22018.00	0.57	1.22	0.52	528.00	22018.00	54.23	25.00	91.00	17.89	320.22	6.05	0.00	54.23	0.00	0.00	0.00	0.70	406.00	3.59	0.03	0.00	8.97	0.14	37.96	2133.56	2566356.00	
142.00	1143.00	304.00	0.00	405.00	25815.00	0.62	1.28	2.74	504.00	25815.00	63.74	24.00	111.00	26.78	717.12	8.30	0.00	63.74	0.00	0.00	0.00	0.68	405.00	3.58	0.02	0.00	9.14	0.07	108.30	1840.35	10640592.00	
143.00	181.00	662.00	0.00	403.00	18565.00	0.54	1.19	2.67	483.00	18565.00	46.07	25.00	70.00	13.62	185.56	4.41	0.00	46.07	0.00	0.00	0.00	0.67	403.00	3.56	0.02	0.00	8.65	0.15	30.28	-243.44	720509.38	
144.00	369.00	534.00	0.00	401.00	29851.00	0.54	1.19	1.47	480.00	29851.00	74.44	25.00	163.00	40.14	1610.92	13.56	0.00	74.44	0.00	0.00	0.00	0.64	401.00	3.55	0.00	0.00	9.35	0.06	233.60	219375.25	74081408.00	
145.00	1008.00	482.00	0.00	400.00	14882.00	0.88	2.08	2.20	621.00	14882.00	37.21	25.00	54.00	8.42	70.88	3.63	0.00	37.21	0.00	0.00	0.00	0.81	400.00	3.54	0.00	0.00	8.14	0.15	24.90	659.89	97441.72	
146.00	1267.00	535.00	0.00	396.00	28935.00	0.58	1.22	2.70	460.00	28935.00	73.07	25.00	128.00	32.98	1087.89	10.08	0.00	73.07	0.00	0.00	0.00	0.67	396.00	3.50	0.02	0.00	9.21	0.06	158.11	2885.17	23649814.00	
147.00	238.00	103.00	0.00	395.00	18213.00	0.63	1.29	0.66	528.00	18213.00	46.11	25.00	74.00	12.86	165.47	3.77	0.00	46.11	0.00	0.00	0.00	0.69	395.00	3.49	0.04	0.00	8.54	0.21	18.90	941.63	665589.69	
148.00	672.00	492.00	0.00	395.00	25705.00	0.50	1.15	2.45	576.00	25705.00	65.08	25.00	120.00	25.77	664.27	9.06	0.00	65.08	0.00	0.00	0.00	0.66	395.00	3.49	0.03	0.00	9.21	0.06	152.62	2157.19	9710079.00	
149.00	272.00	525.00	0.00	393.00	21695.00	0.71	1.43	1.31	494.00	21695.00	55.20	25.00	91.00	18.45	340.35	6.64	0.00	55.20	0.00	0.00	0.00	0.68	393.00	3.47	0.02	0.00	8.91	0.20	39.04	2676.26	3069962.75	
150.00	990.00	196.00	0.00	391.00	20718.00	0.83	1.78	2.85	576.00	20718.00	52.99	23.00	89.00	18.61	346.31	5.69	0.00	52.99	0.00	0.00	0.00	0.74	391.00	3.46	0.06	0.00	8.95	0.07	69.16	9749.90	2851166.50	
151.00	469.00	537.00	0.00	390.00	18119.00	0.75	1.52	2.32	529.00	18119.00	46.46	24.00	73.00	13.35	178.30	4.58	0.00	46.46	0.00	0.00	0.00	0.72	390.00	3.45	0.05	0.00	8.74	0.13	38.32	546.33	727411.50	
152.00	703.00	71.00	0.00	388.00	21976.00	0.84	1.82	2.48	550.00	21976.00	56.64	24.00	129.00	27.22	740.90	9.93	0.00	56.64	0.00	0.00	0.00	0.76	388.00	3.43	0.02	0.00	9.08	0.11	229.23	99401.95	17729906.00	
153.00	621.00	520.00	0.00	388.00	32674.00	0.49	1.15	2.95	460.00	32674.00	84.21	25.00	134.00	30.52	931.76	8.95	0.00	84.21	0.00	0.00	0.00	0.67	388.00	3.43	0.06	0.00	9.13	0.13	127.44	-70389.36	22067260.00	
154.00	1353.00	298.00	0.00	386.00	24561.00	0.66	1.33	2.05	480.00	24561.00	63.63	25.00	96.00	21.73	472.39	7.48	0.00	63.63	0.00	0.00	0.00	0.68	386.00	3.41	0.03	0.00	9.02	0.13	106.20	-23340.46	4543341.50	
155.00	737.00	273.00	0.00	384.00	25397.00	0.71	1.42	2.35	484.00	25397.00	66.14	25.00	118.00	27.48	755.16	10.76	0.00	66.14	0.00	0.00	0.00	0.68	384.00	3.40	0.00	0.00	9.19	0.06	216.95	-5046.36	10937213.00	
156.00	780.00	109.00	0.00	383.00	24428.00	0.36	1.07	2.53	600.00	24428.00	63.78	25.00	99.00	25.01	625.65	8.77	0.00	63.78	0.00	0.00	0.00	0.63	383.00	3.39	0.03	0.00	9.04	0.10	163.36	-26662.89	7056640.00	
157.00	1325.00	316.00	0.00	383.00	25478.00	0.76	1.53	2.43	529.00	25478.00	66.52	25.00	104.00	22.43	503.15	5.84	0.00	66.52	0.00	0.00	0.00	0.76	383.00	3.39	0.05	0.00	9.02	0.12	63.80	-8757.28	5664024.50	
158.00	634.00	117.00	0.00	382.00	28201.00	0.54	1.19	2.58	572.00	28201.00	73.82	24.00	116.00	28.27	799.30	7.47	0.00	73.82	0.00	0.00	0.00	0.65	382.00	3.38	0.06	0.00	9.15	0.10	88.80	-58324.48	14745151.00	
159.00	1377.00	844.00	0.00	382.00	24817.00	0.71	1.42	2.09	456.00	24817.00	64.97	21.00	150.00	34.63	1199.12	11.64	0.00	64.97	0.00	0.00	0.00	0.70	382.00	3.38	0.00	0.00	9.23	0.05	245.56	203586.41	47200372.00	
160.00	1209.00	117.00	0.00	381.00	30956.00	0.83	1.78	2.41	550.00	30956.00	81.25	24.00	188.00	52.09	2712.97	10.73	0.00	81.25	0.00	0.00	0.00	0.75	381.00	3.37	0.05	0.00	8.92	0.05	227.22	546706.81	188970224.00	
161.00	381.00	129.00	0.00	380.00	19345.00	0.73	1.47	2.43	504.00	19345.00	50.91	25.00	84.00	18.30	335.01	6.95	0.00	50.91	0.00	0.00	0.00	0.69	380.00	3.36	0.01	0.00	8.90	0.12	83.77	4879.44	2214740.50	
162.00	1204.00	137.00	0.00	379.00	41243.00	0.82	1.74	0.61	644.00	41243.00	108.82	25.00	199.00	55.68	3100.76	12.79	0.00	108.82	0.00	0.00	0.00	0.76	379.00	3.35	0.08	0.00	9.27	0.03	385.92	-82629.04	230365136.00	
163.00	520.00	808.00	0.00	378.00	27655.00	0.53	1.18	1.14	552.00	27655.00	73.16	25.00	130.00	33.20	1102.18	9.98	0.00	73.16	0.00	0.00	0.00	0.67	378.00	3.34	0.03	0.00	9.17	0.07	161.92	15261.03	24793890.00	
164.00	995.00	153.00	0.00	377.00	22733.00	0.18	1.02	1.01	528.00	22733.00	60.30	22.00	99.00	22.48	505.21	7.18	0.00	60.30	0.00	0.00	0.00	0.66	377.00	3.33	0.06	0.00	9.11	0.07	99.51	-4860.66	5507487.50	
165.00	1247.00	91.00	0.00	375.00	29339.00	0.55	1.20	0.03	437.00	29339.00	78.24	25.00	195.00	50.26	2526.25	16.05	0.00	78.24	0.00	0.00	0.00	0.64	375.00	3.32	0.00	0.00	9.20	0.07	385.15	689794.94	211411184.00	
166.00	252.00	506.00	0.00	375.00	16580.00	0.61	1.27	2.26	462.00	16580.00	44.21	25.00	76.00	14.55	211.60	5.42	0.00	44.21	0.00	0.00	0.00	0.66	375.00	3.32	0.00	0.00	8.81	0.13	43.63	8032.09	1111996.88	
167.00	989.00	696.00	0.00	374.00	21364.00	0.85	1.90	2.01	504.00	21364.00	57.12	25.00	98.00	21.38	457.03	5.70	0.00	57.12	0.00	0.00	0.00	0.75	374.00	3.31	0.05	0.00	8.91	0.15	58.26	5149.49	4799402.50	
168.00	574.00	498.00	0.00	373.00	20808.00	0.72	1.43	2.52	483.00	20808.00	55.79	25.00	83.00	18.00	323.97	7.66	0.00	55.79	0.00	0.00	0.00	0.68	373.00	3.30	0.00	0.00	8.86	0.16	105.32	-11376.04	1865137.62	
169.00	443.00	513.00	0.00	373.00	17101.00	0.65	1.31	2.09	460.00	17101.00	45.85	25.00	81.00	16.14	260.55	6.00	0.00	45.85	0.00	0.00	0.00	0.65	373.00	3.30	0.00	0.00	8.74	0.13	52.04	10345.52	1687708.50	
170.00	1307.00	777.00	0.00	373.00	24331.00	0.57	1.22	2.67	504.00	24331.00	65.23	24.00	114.00	28.22	796.33	7.68	0.00	65.23	0.00	0.00	0.00	0.66	373.00	3.30	0.04	0.00	9.04	0.14	56.39	16720.64	13971282.00	
171.00	875.00	576.00	0.00	372.00	22449.00	0.80	1.68	2.36	676.00	22449.00	60.35	25.00	100.00	24.76	612.86	9.38	0.00	60.35	0.00	0.00	0.00	0.74	372.00	3.29	0.02	0.00	8.90	0.05	219.51	-11506.10	6238734.00	
172.00	1099.00	361.00	0.00	371.00	21076.00	0.75	1.51	2.14	480.00	21076.00	56.81	25.00	100.00	20.80	432.68	8.46	0.00	56.81	0.00	0.00	0.00	0.69	371.00	3.28	0.02	0.00	9.08	0.09	129.47	2389.98	3938863.25	
173.00	822.00	532.00	0.00	369.00	20154.00	0.76	1.53	1.86	522.00	20154.00	54.62	25.00	87.00	17.95	322.07	4.42	0.00	54.62	0.00	0.00	0.00	0.70	369.00	3.26	0.08	0.00	8.78	0.19	25.62	-4599.16	2491664.50	
174.00	454.00	358.00	0.00	368.00	16758.00	0.48	1.14	3.06	504.00	16758.00	45.54	25.00	71.00	12.10	146.31	4.47	0.00	45.54	0.00	0.00	0.00	0.66	368.00	3.25	0.03	0.00	8.53	0.18	34.80	-1866.01	476084.88	
175.00	279.00	327.00	0.00	367.00	20260.00	0.58	1.23	0.51	460.00	20260.00	55.20	25.00	95.00	19.90	396.01	8.00	0.00	55.20	0.00	0.00	0.00	0.64	367.00	3.25	0.00	0.00	9.00	0.12	73.18	4807.77	3511565.00	
176.00	1148.00	7.00	0.00	365.00	29538.00	0.71	1.42	2.91	468.00	29538.00	80.93	25.00	141.00	40.27	1621.86	11.47	0.00	80.93	0.00	0.00	0.00	0.68	365.00	3.23	0.02	0.00	9.10	0.11	258.27	-22781.34	53425200.00	
177.00	320.00	757.00	0.00	363.00	14174.00	0.49	1.15	0.03	418.00	14174.00	39.05	25.00	62.00	9.99	99.88	3.89	0.00	39.05	0.00	0.00	0.00	0.64	363.00	3.21	0.00	0.00	8.31	0.21	17.19	2268.12	252555.73	
178.00	853.00	795.00	0.00	361.00	24060.00	0.60	1.26	3.01	480.00	24060.00	66.65	25.00	124.00	31.78	1009.90	9.35	0.00	66.65	0.00	0.00	0.00	0.67	361.00	3.19	0.03	0.00	9.00	0.07	149.24	61982.10	23000516.00	
179.00	684.00	847.00	0.00	361.00	27574.00	0.63	1.29	2.62	418.00	27574.00	76.38	24.00	129.00	34.49	1189.71	11.57	0.00	76.38	0.00	0.00	0.00	0.66	361.00	3.19	0.00	0.00	9.10	0.07	237.33	-29102.76	26625746.00	
180.00	377.00	659.00	0.00	359.00	24757.00	0.68	1.36	3.12	525.00	24757.00	68.96	24.00	115.00	28.94	837.66	9.40	0.00	68.96	0.00	0.00	0.00	0.68	359.00	3.17	0.03	0.00	9.03	0.09	159.56	-26240.82	12732701.00	
181.00	18.00	294.00	0.00	357.00	11466.00	0.77	1.56	0.40	475.00	11466.00	32.12	25.00	43.00	4.19	17.59	1.84	0.00	32.12	0.00	0.00	0.00	0.70	357.00	3.16	0.05	0.01	6.88	0.42	6.26	166.24	8359.70	
182.00	1008.00	693.00	0.00	356.00	28392.00	0.54	1.19	0.46	484.00	28392.00	79.75	25.00	137.00	33.87	1146.85	9.58	0.00	79.75	0.00	0.00	0.00	0.66	356.00	3.15	0.07	0.00	9.15	0.09	154.77	-41471.22	28740918.00	
183.00	864.00	320.00	0.00	354.00	18550.00	0.66	1.32	2.11	418.00	18550.00	52.40	25.00	80.00	16.27	264.84	4.73	0.00	52.40	0.00	0.00	0.00	0.66	354.00	3.13	0.04	0.00	8.63	0.17	28.01	-3902.84	1526262.88	
184.00	702.00	228.00	0.00	351.00	15172.00	0.55	1.19	2.31	400.00	15172.00	43.23	24.00	68.00	11.85	140.49	4.54	0.00	43.23	0.00	0.00	0.00	0.65	351.00	3.10	0.02	0.00	8.56	0.13	28.83	1714.74	469090.44	
185.00	1080.00	128.00	0.00	348.00	16738.00	0.63	1.29	1.10	529.00	16738.00	48.10	23.00	91.00	20.80	432.48	5.82	0.00	48.10	0.00	0.00	0.00	0.67	348.00	3.08	0.05	0.00	8.40	0.20	87.78	21919.35	4375529.50	
186.00	57.00	459.00	0.00	347.00	16894.00	0.74	1.48	2.83	408.00	16894.00	48.69	25.00	69.00	12.46	155.34	4.91	0.00	48.69	0.00	0.00	0.00	0.69	347.00	3.07	0.03	0.00	8.50	0.17	43.48	-3432.13	472467.09	
187.00	348.00	402.00	0.00	344.00	16067.00	0.63	1.29	2.11	441.00	16067.00	46.71	23.00	71.00	13.38	179.09	5.56	0.00	46.71	0.00	0.00	0.00	0.66	344.00	3.04	0.02	0.00	8.65	0.13	47.08	-69.98	635910.94	
188.00	652.00	506.00	0.00	343.00	27975.00	0.57	1.21	1.86	456.00	27975.00	81.56	25.00	141.00	38.27	1464.67	11.06	0.00	81.56	0.00	0.00	0.00	0.66	343.00	3.03	0.06	0.00	8.97	0.09	224.00	16662.34	44080220.00	
189.00	1126.00	763.00	0.00	343.00	13821.00	0.63	1.29	2.56	440.00	13821.00	40.29	25.00	62.00	10.63	113.04	4.35	0.00	40.29	0.00	0.00	0.00	0.63	343.00	3.03	0.00	0.00	8.34	0.19	24.97	2210.51	303930.81	
190.00	446.00	374.00	0.00	340.00	14067.00	0.60	1.25	2.87	475.00	14067.00	41.37	25.00	59.00	10.32	106.57	3.46	0.00	41.37	0.00	0.00	0.00	0.65	340.00	3.01	0.03	0.00	8.17	0.20	21.72	-162.07	223377.38	
191.00	1138.00	29.00	0.00	339.00	12334.00	0.89	2.18	2.40	552.00	12334.00	36.38	23.00	53.00	7.79	60.68	3.72	0.00	36.38	0.00	0.00	0.00	0.81	339.00	3.00	0.01	0.00	8.12	0.21	25.23	503.86	78073.04	
192.00	988.00	517.00	0.00	330.00	14063.00	0.67	1.36	1.96	414.00	14063.00	42.62	25.00	73.00	13.34	178.06	5.30	0.00	42.62	0.00	0.00	0.00	0.64	330.00	2.92	0.00	0.00	8.55	0.14	39.28	7172.93	838190.81	
193.00	31.00	181.00	0.00	329.00	22412.00	0.66	1.33	1.31	500.00	22412.00	68.12	25.00	107.00	26.75	715.76	8.42	0.00	68.12	0.00	0.00	0.00	0.66	329.00	2.91	0.04	0.00	8.73	0.14	125.51	-34268.32	9791466.00	
194.00	982.00	212.00	0.00	328.00	16767.00	0.55	1.19	2.45	399.00	16767.00	51.12	24.00	81.00	16.85	284.08	4.37	0.00	51.12	0.00	0.00	0.00	0.66	328.00	2.90	0.06	0.00	8.46	0.13	26.04	-2173.66	1786829.88	
195.00	549.00	365.00	0.00	327.00	19663.00	0.58	1.23	1.63	525.00	19663.00	60.13	25.00	102.00	23.21	538.61	7.83	0.00	60.13	0.00	0.00	0.00	0.63	327.00	2.89	0.05	0.00	8.83	0.09	113.34	-5431.47	5835796.50	
196.00	748.00	772.00	0.00	327.00	16118.00	0.79	1.62	2.50	440.00	16118.00	49.29	23.00	72.00	13.84	191.63	6.72	0.00	49.29	0.00	0.00	0.00	0.70	327.00	2.89	0.02	0.00	8.52	0.13	89.59	-6385.94	658684.00	
197.00	1326.00	331.00	0.00	326.00	15733.00	0.89	2.17	0.11	364.00	15733.00	48.26	24.00	76.00	14.70	216.13	4.43	0.00	48.26	0.00	0.00	0.00	0.72	326.00	2.88	0.04	0.00	8.37	0.19	21.97	-514.80	1008270.25	
198.00	1331.00	273.00	0.00	325.00	21417.00	0.80	1.66	0.29	500.00	21417.00	65.90	24.00	107.00	24.00	576.10	7.71	0.00	65.90	0.00	0.00	0.00	0.70	325.00	2.87	0.06	0.00	8.85	0.16	68.40	-25039.62	7654408.50	
199.00	529.00	633.00	0.00	324.00	15337.00	0.54	1.19	2.56	420.00	15337.00	47.34	25.00	72.00	13.74	188.92	6.14	0.00	47.34	0.00	0.00	0.00	0.61	324.00	2.86	0.00	0.00	8.64	0.19	55.61	-391.22	764516.81	
200.00	1303.00	762.00	0.00	322.00	23989.00	0.80	1.65	2.22	575.00	23989.00	74.50	25.00	121.00	27.22	741.00	7.71	0.00	74.50	0.00	0.00	0.00	0.74	322.00	2.85	0.09	0.00	8.78	0.12	34.45	-25825.00	14448941.00	
201.00	950.00	821.00	0.00	321.00	20996.00	0.84	1.85	2.35	528.00	20996.00	65.41	25.00	106.00	24.83	616.77	6.30	0.00	65.41	0.00	0.00	0.00	0.77	321.00	2.84	0.06	0.00	8.54	0.08	94.52	-24796.73	6788831.00	
202.00	6.00	118.00	0.00	320.00	18822.00	0.79	1.63	1.53	375.00	18822.00	58.82	24.00	96.00	22.76	517.97	6.85	0.00	58.82	0.00	0.00	0.00	0.67	320.00	2.83	0.00	0.00	8.73	0.16	49.51	4486.38	5768772.50	
203.00	14.00	534.00	0.00	319.00	12851.00	0.43	1.11	0.92	380.00	12851.00	40.29	23.00	61.00	11.47	131.64	4.55	0.00	40.29	0.00	0.00	0.00	0.62	319.00	2.82	0.02	0.00	8.28	0.20	28.86	1251.51	376889.22	
204.00	126.00	5.00	0.00	317.00	20435.00	0.85	1.88	3.05	364.00	20435.00	64.46	25.00	119.00	27.61	762.26	7.40	0.00	64.46	0.00	0.00	0.00	0.69	317.00	2.80	0.02	0.00	8.90	0.10	75.80	33171.35	14081967.00	
205.00	673.00	557.00	0.00	316.00	18238.00	0.88	2.10	2.51	546.00	18238.00	57.72	25.00	94.00	22.00	484.02	6.53	0.00	57.72	0.00	0.00	0.00	0.79	316.00	2.79	0.06	0.00	8.70	0.13	68.67	708.99	4737424.50	
206.00	1280.00	621.00	0.00	316.00	15908.00	0.59	1.24	1.03	418.00	15908.00	50.34	25.00	69.00	10.28	105.61	3.87	0.00	50.34	0.00	0.00	0.00	0.63	316.00	2.79	0.09	0.00	8.09	0.23	21.44	-3951.24	315138.72	
207.00	540.00	796.00	0.00	315.00	24569.00	0.73	1.46	1.25	456.00	24569.00	78.00	25.00	131.00	33.52	1123.36	10.44	0.00	78.00	0.00	0.00	0.00	0.66	315.00	2.79	0.04	0.00	8.93	0.09	168.84	-28374.81	24269330.00	
208.00	1190.00	61.00	0.00	314.00	9302.00	0.44	1.12	3.08	360.00	9302.00	29.62	25.00	37.00	3.03	9.16	1.53	0.00	29.62	0.00	0.00	0.00	0.63	314.00	2.78	0.00	0.02	6.13	0.43	3.52	74.19	2076.13	
209.00	182.00	609.00	0.00	313.00	17428.00	0.51	1.16	2.85	378.00	17428.00	55.68	25.00	93.00	20.39	415.71	8.70	0.00	55.68	0.00	0.00	0.00	0.62	313.00	2.77	0.00	0.00	8.85	0.12	98.94	3073.75	3624580.00	
210.00	1270.00	198.00	0.00	312.00	15603.00	0.62	1.27	2.56	462.00	15603.00	50.01	22.00	87.00	19.43	377.53	5.90	0.00	50.01	0.00	0.00	0.00	0.65	312.00	2.76	0.05	0.00	8.52	0.17	30.75	14137.55	3362579.00	
211.00	126.00	545.00	0.00	312.00	14079.00	0.78	1.61	1.82	468.00	14079.00	45.12	25.00	69.00	13.88	192.73	4.47	0.00	45.12	0.00	0.00	0.00	0.65	312.00	2.76	0.05	0.00	8.17	0.25	24.92	-1316.98	779053.88	
212.00	758.00	806.00	0.00	311.00	14270.00	0.76	1.55	2.20	418.00	14270.00	45.88	25.00	65.00	11.20	125.40	5.97	0.00	45.88	0.00	0.00	0.00	0.67	311.00	2.75	0.00	0.00	8.32	0.18	61.27	-2916.32	271504.94	
213.00	320.00	582.00	0.00	307.00	14600.00	0.86	1.93	2.00	425.00	14600.00	47.56	25.00	78.00	15.40	237.30	7.42	0.00	47.56	0.00	0.00	0.00	0.71	307.00	2.71	0.00	0.00	8.67	0.07	90.16	3864.86	1093813.25	
214.00	548.00	113.00	0.00	305.00	20503.00	0.67	1.35	0.05	475.00	20503.00	67.22	25.00	114.00	27.69	766.78	9.13	0.00	67.22	0.00	0.00	0.00	0.64	305.00	2.70	0.04	0.00	8.76	0.08	159.39	-4055.41	10922867.00	
215.00	645.00	130.00	0.00	303.00	19805.00	0.72	1.44	2.09	437.00	19805.00	65.36	25.00	107.00	24.84	616.83	7.54	0.00	65.36	0.00	0.00	0.00	0.64	303.00	2.68	0.06	0.00	8.81	0.12	114.94	-16233.32	7798009.50	
216.00	1267.00	382.00	0.00	303.00	21727.00	0.71	1.42	0.03	432.00	21727.00	71.71	25.00	118.00	29.91	894.56	9.89	0.00	71.71	0.00	0.00	0.00	0.63	303.00	2.68	0.04	0.00	8.86	0.10	204.05	-18186.71	14776051.00	
217.00	294.00	460.00	0.00	303.00	11540.00	0.74	1.49	3.07	416.00	11540.00	38.09	25.00	51.00	6.19	38.34	2.54	0.00	38.09	0.00	0.00	0.00	0.64	303.00	2.68	0.07	0.01	7.46	0.30	11.35	-241.05	36103.11	
218.00	793.00	97.00	0.00	301.00	19307.00	0.65	1.31	0.49	550.00	19307.00	64.14	25.00	109.00	26.63	709.23	8.06	0.00	64.14	0.00	0.00	0.00	0.61	301.00	2.66	0.07	0.00	8.70	0.05	154.29	-7820.01	10252266.00	
219.00	989.00	850.00	0.00	301.00	13741.00	0.78	1.59	3.02	375.00	13741.00	45.65	24.00	76.00	15.16	229.87	4.62	0.00	45.65	0.00	0.00	0.00	0.68	301.00	2.66	0.00	0.00	8.39	0.15	30.60	8108.31	1285670.12	
220.00	262.00	294.00	0.00	297.00	8934.00	0.79	1.65	0.71	456.00	8934.00	30.08	25.00	37.00	2.53	6.39	1.33	0.00	30.08	0.00	0.00	0.00	0.70	297.00	2.63	0.05	0.03	5.61	0.53	2.47	-25.79	803.42	
221.00	1164.00	736.00	0.00	296.00	16315.00	0.66	1.33	2.49	360.00	16315.00	55.12	25.00	97.00	20.45	418.30	9.15	0.00	55.12	0.00	0.00	0.00	0.63	296.00	2.62	0.00	0.00	8.76	0.06	133.00	6727.17	3387342.00	
222.00	566.00	351.00	0.00	295.00	10757.00	0.58	1.22	2.37	361.00	10757.00	36.46	25.00	54.00	8.20	67.26	3.47	0.00	36.46	0.00	0.00	0.00	0.62	295.00	2.61	0.01	0.01	7.71	0.22	16.49	1555.04	111351.09	
223.00	813.00	596.00	0.00	295.00	12689.00	0.79	1.62	2.00	374.00	12689.00	43.01	25.00	72.00	11.44	130.78	5.36	0.00	43.01	0.00	0.00	0.00	0.66	295.00	2.61	0.02	0.00	8.38	0.16	44.12	2905.36	435845.84	
224.00	90.00	63.00	0.00	294.00	12351.00	0.55	1.20	2.18	380.00	12351.00	42.01	25.00	65.00	9.28	86.06	3.37	0.00	42.01	0.00	0.00	0.00	0.62	294.00	2.60	0.07	0.00	8.03	0.25	15.42	1307.02	223755.25	
225.00	1022.00	680.00	0.00	294.00	13509.00	0.64	1.30	2.06	418.00	13509.00	45.95	25.00	70.00	13.74	188.74	6.02	0.00	45.95	0.00	0.00	0.00	0.62	294.00	2.60	0.03	0.00	8.43	0.12	67.91	-204.54	641592.12	
226.00	54.00	396.00	0.00	293.00	8174.00	0.69	1.38	1.64	408.00	8174.00	27.90	22.00	34.00	2.20	4.86	1.11	0.00	27.90	0.00	0.00	0.00	0.66	293.00	2.59	0.06	0.03	5.31	0.56	1.88	19.92	674.10	
227.00	811.00	516.00	0.00	289.00	21210.00	0.76	1.54	0.38	425.00	21210.00	73.39	25.00	115.00	28.69	822.98	8.10	0.00	73.39	0.00	0.00	0.00	0.63	289.00	2.56	0.07	0.00	8.66	0.15	83.16	-39261.55	15181942.00	
228.00	758.00	69.00	0.00	288.00	11026.00	0.62	1.27	2.03	340.00	11026.00	38.28	25.00	56.00	8.34	69.60	4.18	0.00	38.28	0.00	0.00	0.00	0.62	288.00	2.55	0.00	0.01	7.94	0.24	27.07	83.50	102501.20	
229.00	1307.00	152.00	0.00	286.00	22363.00	0.62	1.28	0.41	460.00	22363.00	78.19	25.00	122.00	29.67	880.49	8.61	0.00	78.19	0.00	0.00	0.00	0.64	286.00	2.53	0.08	0.00	8.67	0.06	170.77	-78653.15	15364048.00	
230.00	451.00	304.00	0.00	286.00	14149.00	0.66	1.33	1.29	378.00	14149.00	49.47	25.00	85.00	17.96	322.46	6.31	0.00	49.47	0.00	0.00	0.00	0.64	286.00	2.53	0.03	0.00	8.37	0.14	32.73	12880.65	2577950.50	
231.00	224.00	760.00	0.00	284.00	9237.00	0.65	1.31	0.47	340.00	9237.00	32.52	25.00	43.00	5.35	28.58	2.41	0.00	32.52	0.00	0.00	0.00	0.61	284.00	2.51	0.00	0.01	6.94	0.37	5.89	292.74	18977.22	
232.00	1222.00	379.00	0.00	283.00	19945.00	0.37	1.08	0.08	399.00	19945.00	70.48	25.00	118.00	29.73	883.63	10.33	0.00	70.48	0.00	0.00	0.00	0.61	283.00	2.50	0.04	0.00	8.68	0.07	189.76	-13164.88	14575587.00	
233.00	748.00	25.00	0.00	282.00	10812.00	0.55	1.20	2.69	323.00	10812.00	38.34	25.00	57.00	8.99	80.83	3.96	0.00	38.34	0.00	0.00	0.00	0.61	282.00	2.49	0.00	0.00	8.00	0.17	22.12	774.24	139550.55	
234.00	1008.00	425.00	0.00	282.00	11847.00	0.85	1.89	2.28	483.00	11847.00	42.01	24.00	75.00	12.84	164.89	4.95	0.00	42.01	0.00	0.00	0.00	0.74	282.00	2.49	0.08	0.00	8.26	0.16	58.60	11155.36	827337.81	
235.00	970.00	782.00	0.00	282.00	10949.00	0.62	1.28	2.20	324.00	10949.00	38.83	24.00	55.00	8.41	70.77	3.52	0.00	38.83	0.00	0.00	0.00	0.63	282.00	2.49	0.04	0.01	7.81	0.17	18.98	72.76	105169.79	
236.00	674.00	99.00	0.00	281.00	8005.00	0.68	1.36	2.86	396.00	8005.00	28.49	23.00	36.00	2.78	7.72	1.39	0.00	28.49	0.00	0.00	0.00	0.63	281.00	2.48	0.04	0.02	5.90	0.49	2.93	57.01	1791.84	
237.00	1221.00	163.00	0.00	280.00	11493.00	0.76	1.54	2.45	380.00	11493.00	41.05	22.00	65.00	12.26	150.25	5.54	0.00	41.05	0.00	0.00	0.00	0.68	280.00	2.48	0.01	0.00	8.39	0.16	64.20	420.95	437155.50	
238.00	922.00	670.00	0.00	280.00	17007.00	0.39	1.09	0.27	420.00	17007.00	60.74	25.00	103.00	24.48	599.48	8.38	0.00	60.74	0.00	0.00	0.00	0.60	280.00	2.48	0.04	0.00	8.74	0.06	126.52	9038.42	7018402.50	
239.00	1380.00	271.00	0.00	279.00	19242.00	0.78	1.59	1.83	360.00	19242.00	68.97	25.00	123.00	30.93	956.49	10.15	0.00	68.97	0.00	0.00	0.00	0.66	279.00	2.47	0.00	0.00	8.75	0.08	175.85	29276.00	18975396.00	
240.00	285.00	66.00	0.00	276.00	12080.00	0.42	1.10	0.84	361.00	12080.00	43.77	26.00	61.00	10.72	114.87	4.27	0.00	43.77	0.00	0.00	0.00	0.58	276.00	2.44	0.04	0.01	7.79	0.33	11.55	-2178.70	292606.97	
241.00	1090.00	334.00	0.00	276.00	20107.00	0.47	1.13	0.87	342.00	20107.00	72.85	25.00	129.00	33.27	1106.92	11.30	0.00	72.85	0.00	0.00	0.00	0.61	276.00	2.44	0.04	0.00	8.75	0.04	196.74	6882.54	24279196.00	
242.00	1255.00	392.00	0.00	274.00	22160.00	0.75	1.52	0.39	598.00	22160.00	80.88	25.00	130.00	34.54	1193.16	10.98	0.00	80.88	0.00	0.00	0.00	0.63	274.00	2.42	0.08	0.00	8.66	0.08	344.34	-97726.30	25593520.00	
243.00	532.00	15.00	0.00	273.00	9565.00	0.36	1.07	3.09	342.00	9565.00	35.04	25.00	49.00	6.42	41.18	3.28	0.00	35.04	0.00	0.00	0.00	0.58	273.00	2.41	0.00	0.01	7.44	0.33	13.65	358.18	38339.66	
244.00	1301.00	345.00	0.00	273.00	13584.00	0.49	1.14	1.42	360.00	13584.00	49.76	22.00	70.00	13.69	187.44	5.58	0.00	49.76	0.00	0.00	0.00	0.62	273.00	2.41	0.03	0.00	8.24	0.18	48.87	-5361.81	678185.75	
245.00	1244.00	403.00	0.00	273.00	18595.00	0.60	1.25	2.56	441.00	18595.00	68.11	25.00	110.00	28.73	825.30	9.19	0.00	68.11	0.00	0.00	0.00	0.62	273.00	2.41	0.06	0.00	8.51	0.11	201.28	-17367.06	11224771.00	
246.00	594.00	565.00	0.00	271.00	11812.00	0.67	1.35	1.58	315.00	11812.00	43.59	25.00	66.00	12.19	148.64	4.21	0.00	43.59	0.00	0.00	0.00	0.63	271.00	2.40	0.03	0.00	8.15	0.17	19.10	1469.02	479487.09	
247.00	226.00	377.00	0.00	270.00	9398.00	0.79	1.62	2.69	336.00	9398.00	34.81	25.00	49.00	6.58	43.34	3.14	0.00	34.81	0.00	0.00	0.00	0.64	270.00	2.39	0.00	0.01	7.69	0.22	15.94	459.84	39577.15	
248.00	286.00	472.00	0.00	270.00	9149.00	0.75	1.50	0.60	361.00	9149.00	33.89	25.00	42.00	4.84	23.43	1.85	0.00	33.89	0.00	0.00	0.00	0.66	270.00	2.39	0.06	0.01	6.64	0.43	5.09	-339.60	12951.55	
249.00	580.00	565.00	0.00	269.00	11530.00	0.67	1.35	1.51	315.00	11530.00	42.86	25.00	65.00	11.73	137.62	4.07	0.00	42.86	0.00	0.00	0.00	0.62	269.00	2.38	0.03	0.00	8.19	0.20	21.52	1003.11	406866.06	
250.00	229.00	809.00	0.00	266.00	20482.00	0.66	1.33	0.57	440.00	20482.00	77.00	25.00	133.00	36.10	1303.49	12.29	0.00	77.00	0.00	0.00	0.00	0.62	266.00	2.35	0.04	0.00	8.68	0.05	252.63	-495.30	32073370.00	
251.00	19.00	188.00	0.00	265.00	13777.00	0.75	1.51	1.48	384.00	13777.00	51.99	24.00	101.00	24.09	580.14	6.82	0.00	51.99	0.00	0.00	0.00	0.65	265.00	2.34	0.06	0.00	8.33	0.15	72.60	43227.24	8295343.00	
252.00	1255.00	247.00	0.00	265.00	10488.00	0.73	1.46	2.48	323.00	10488.00	39.58	23.00	55.00	8.09	65.49	4.16	0.00	39.58	0.00	0.00	0.00	0.64	265.00	2.34	0.02	0.01	7.93	0.26	29.23	-561.90	81406.24	
253.00	504.00	301.00	0.00	265.00	7868.00	0.77	1.57	1.46	368.00	7868.00	29.69	22.00	39.00	3.72	13.84	1.47	0.00	29.69	0.00	0.00	0.00	0.66	265.00	2.34	0.07	0.02	6.18	0.51	2.32	152.75	6597.36	
254.00	711.00	818.00	0.00	264.00	15041.00	0.30	1.05	0.67	400.00	15041.00	56.97	25.00	97.00	21.91	480.19	7.60	0.00	56.97	0.00	0.00	0.00	0.58	264.00	2.33	0.04	0.00	8.63	0.10	98.48	12594.32	4871863.50	
255.00	1275.00	211.00	0.00	261.00	13339.00	0.78	1.61	2.36	418.00	13339.00	51.11	25.00	88.00	17.68	312.73	5.49	0.00	51.11	0.00	0.00	0.00	0.68	261.00	2.31	0.07	0.00	8.44	0.10	47.78	9634.66	2345244.75	
256.00	1252.00	265.00	0.00	260.00	9583.00	0.79	1.62	1.77	294.00	9583.00	36.86	22.00	57.00	9.32	86.89	4.16	0.00	36.86	0.00	0.00	0.00	0.63	260.00	2.30	0.02	0.00	8.18	0.25	30.95	1556.74	175526.28	
257.00	249.00	301.00	0.00	260.00	9043.00	0.35	1.07	2.08	342.00	9043.00	34.78	25.00	47.00	5.75	33.08	2.11	0.00	34.78	0.00	0.00	0.00	0.58	260.00	2.30	0.08	0.01	7.10	0.39	5.57	300.45	29960.67	
258.00	619.00	216.00	0.00	259.00	9451.00	0.82	1.76	0.11	336.00	9451.00	36.49	25.00	55.00	7.63	58.28	4.04	0.00	36.49	0.00	0.00	0.00	0.64	259.00	2.29	0.00	0.01	7.85	0.25	18.53	566.62	72020.95	
259.00	478.00	171.00	0.00	255.00	7033.00	0.66	1.33	2.87	336.00	7033.00	27.58	21.00	37.00	3.21	10.33	1.51	0.00	27.58	0.00	0.00	0.00	0.60	255.00	2.25	0.06	0.02	6.08	0.50	3.54	89.80	4794.52	
260.00	1028.00	376.00	0.00	255.00	16715.00	0.46	1.13	0.68	380.00	16715.00	65.55	25.00	109.00	26.02	676.90	9.21	0.00	65.55	0.00	0.00	0.00	0.60	255.00	2.25	0.04	0.00	8.57	0.07	153.72	-9570.92	8413095.00	
261.00	1019.00	388.00	0.00	255.00	15766.00	0.37	1.08	0.35	400.00	15766.00	61.83	25.00	106.00	25.27	638.35	8.98	0.00	61.83	0.00	0.00	0.00	0.60	255.00	2.25	0.04	0.00	8.61	0.07	152.77	9816.42	7681319.50	
262.00	706.00	603.00	0.00	255.00	10901.00	0.74	1.49	0.34	396.00	10901.00	42.75	25.00	65.00	10.36	107.28	4.28	0.00	42.75	0.00	0.00	0.00	0.62	255.00	2.25	0.04	0.01	7.82	0.23	26.41	-1669.09	228665.22	
263.00	995.00	624.00	0.00	253.00	15703.00	0.80	1.67	2.38	420.00	15703.00	62.07	24.00	104.00	25.52	651.35	9.11	0.00	62.07	0.00	0.00	0.00	0.69	253.00	2.24	0.05	0.00	8.52	0.11	94.16	4092.85	8266917.50	
264.00	261.00	312.00	0.00	252.00	8594.00	0.73	1.47	2.55	304.00	8594.00	34.10	25.00	46.00	5.80	33.61	2.33	0.00	34.10	0.00	0.00	0.00	0.63	252.00	2.23	0.06	0.01	7.19	0.36	8.55	177.23	28172.07	
265.00	699.00	827.00	0.00	252.00	14826.00	0.15	1.01	1.77	380.00	14826.00	58.83	25.00	97.00	22.35	499.49	8.65	0.00	58.83	0.00	0.00	0.00	0.59	252.00	2.23	0.04	0.00	8.54	0.06	134.66	-12.09	4681654.00	
266.00	1340.00	316.00	0.00	251.00	15353.00	0.74	1.48	2.09	380.00	15353.00	61.17	25.00	100.00	20.49	419.91	5.74	0.00	61.17	0.00	0.00	0.00	0.65	251.00	2.22	0.09	0.00	8.51	0.06	72.09	-3090.57	4264137.50	
267.00	806.00	545.00	0.00	247.00	7674.00	0.63	1.29	2.76	336.00	7674.00	31.07	23.00	41.00	4.13	17.10	2.04	0.00	31.07	0.00	0.00	0.00	0.60	247.00	2.18	0.04	0.01	6.73	0.33	6.28	133.88	6955.24	
268.00	1289.00	605.00	0.00	246.00	11805.00	0.92	2.52	2.74	486.00	11805.00	47.99	25.00	73.00	15.29	233.90	4.78	0.00	47.99	0.00	0.00	0.00	0.77	246.00	2.18	0.08	0.00	8.03	0.20	48.11	-1562.82	1003143.06	
269.00	860.00	183.00	0.00	245.00	13274.00	0.85	1.90	1.73	312.00	13274.00	54.18	25.00	89.00	19.16	367.24	6.54	0.00	54.18	0.00	0.00	0.00	0.66	245.00	2.17	0.06	0.00	8.36	0.18	80.52	-3631.10	2502936.00	
270.00	970.00	801.00	0.00	244.00	9051.00	0.76	1.55	1.59	280.00	9051.00	37.09	25.00	55.00	8.10	65.60	3.99	0.00	37.09	0.00	0.00	0.00	0.63	244.00	2.16	0.05	0.01	7.84	0.21	20.51	1288.79	105754.32	
271.00	649.00	626.00	0.00	243.00	8957.00	0.68	1.37	3.13	357.00	8957.00	36.86	25.00	46.00	5.97	35.62	2.99	0.00	36.86	0.00	0.00	0.00	0.60	243.00	2.15	0.04	0.01	7.01	0.33	14.38	-740.99	24167.63	
272.00	9.00	312.00	0.00	242.00	7341.00	0.77	1.58	0.15	322.00	7341.00	30.33	23.00	47.00	5.65	31.91	2.40	0.00	30.33	0.00	0.00	0.00	0.62	242.00	2.14	0.05	0.01	6.90	0.33	10.72	1249.34	41847.67	
273.00	59.00	445.00	0.00	242.00	10164.00	0.72	1.44	3.10	322.00	10164.00	42.00	25.00	69.00	10.45	109.15	4.29	0.00	42.00	0.00	0.00	0.00	0.64	242.00	2.14	0.04	0.00	7.94	0.18	19.70	2480.47	343956.34	
274.00	155.00	488.00	0.00	241.00	11623.00	0.84	1.84	0.06	276.00	11623.00	48.23	25.00	71.00	13.14	172.64	4.46	0.00	48.23	0.00	0.00	0.00	0.63	241.00	2.13	0.05	0.00	8.12	0.22	31.26	-1693.01	622687.25	
275.00	57.00	845.00	0.00	241.00	11800.00	0.80	1.68	1.91	294.00	11800.00	48.96	25.00	68.00	11.37	129.31	4.16	0.00	48.96	0.00	0.00	0.00	0.64	241.00	2.13	0.06	0.01	7.83	0.23	31.18	-5160.78	350102.38	
276.00	996.00	602.00	0.00	240.00	15108.00	0.74	1.48	0.48	420.00	15108.00	62.95	23.00	94.00	23.52	553.40	7.93	0.00	62.95	0.00	0.00	0.00	0.65	240.00	2.12	0.08	0.00	8.35	0.09	144.88	-28903.67	5664797.00	
277.00	988.00	614.00	0.00	239.00	18342.00	0.63	1.29	2.42	342.00	18342.00	76.74	25.00	110.00	27.45	753.65	8.14	0.00	76.74	0.00	0.00	0.00	0.60	239.00	2.11	0.09	0.00	8.34	0.11	118.35	-87528.11	13774950.00	
278.00	1312.00	5.00	0.00	238.00	15721.00	0.83	1.81	2.93	299.00	15721.00	66.05	23.00	111.00	29.65	878.84	10.62	0.00	66.05	0.00	0.00	0.00	0.65	238.00	2.10	0.00	0.00	8.49	0.06	249.34	-3083.63	13573687.00	
279.00	1279.00	181.00	0.00	238.00	14553.00	0.68	1.37	1.07	340.00	14553.00	61.15	25.00	123.00	29.72	883.06	9.56	0.00	61.15	0.00	0.00	0.00	0.61	238.00	2.10	0.07	0.00	8.54	0.07	146.49	86601.16	19195304.00	
280.00	1296.00	614.00	0.00	238.00	12630.00	0.79	1.62	2.18	320.00	12630.00	53.07	22.00	79.00	14.86	220.88	5.35	0.00	53.07	0.00	0.00	0.00	0.65	238.00	2.10	0.09	0.00	8.25	0.19	44.43	-5172.04	1171860.25	
281.00	120.00	133.00	0.00	237.00	8267.00	0.22	1.03	1.11	306.00	8267.00	34.88	25.00	57.00	7.40	54.71	3.44	0.00	34.88	0.00	0.00	0.00	0.60	237.00	2.10	0.07	0.01	7.59	0.23	26.76	1912.83	101212.55	
282.00	848.00	187.00	0.00	237.00	13849.00	0.74	1.49	1.85	294.00	13849.00	58.43	25.00	87.00	18.82	354.12	7.29	0.00	58.43	0.00	0.00	0.00	0.63	237.00	2.10	0.04	0.00	8.29	0.14	105.40	-14104.24	2282347.50	
283.00	446.00	289.00	0.00	237.00	13152.00	0.70	1.41	2.96	352.00	13152.00	55.49	25.00	87.00	19.06	363.14	6.63	0.00	55.49	0.00	0.00	0.00	0.60	237.00	2.10	0.08	0.00	8.35	0.20	22.80	-4650.39	3085453.25	
284.00	539.00	376.00	0.00	237.00	12955.00	0.72	1.45	1.29	352.00	12955.00	54.66	25.00	86.00	17.84	318.33	6.78	0.00	54.66	0.00	0.00	0.00	0.60	237.00	2.10	0.05	0.00	8.41	0.11	80.64	-2984.99	1912682.25	
285.00	43.00	846.00	0.00	236.00	11407.00	0.77	1.57	1.09	300.00	11407.00	48.33	24.00	68.00	12.27	150.56	4.08	0.00	48.33	0.00	0.00	0.00	0.65	236.00	2.09	0.06	0.00	7.93	0.26	13.08	-5126.83	567493.75	
286.00	271.00	106.00	0.00	235.00	12103.00	0.89	2.21	1.83	325.00	12103.00	51.50	25.00	73.00	12.67	160.57	4.82	0.00	51.50	0.00	0.00	0.00	0.71	235.00	2.08	0.08	0.00	8.00	0.21	41.74	-5267.09	590618.62	
287.00	167.00	479.00	0.00	234.00	11227.00	0.78	1.61	1.04	336.00	11227.00	47.98	25.00	68.00	12.97	168.31	4.73	0.00	47.98	0.00	0.00	0.00	0.63	234.00	2.07	0.05	0.01	7.86	0.24	27.21	-5119.88	579836.38	
288.00	1087.00	348.00	0.00	233.00	12805.00	0.74	1.48	0.42	360.00	12805.00	54.96	25.00	121.00	28.22	796.42	8.59	0.00	54.96	0.00	0.00	0.00	0.63	233.00	2.06	0.07	0.00	8.39	0.11	114.53	120992.90	20256842.00	
289.00	804.00	526.00	0.00	232.00	13989.00	0.87	2.06	0.77	378.00	13989.00	60.30	23.00	108.00	26.66	710.69	8.54	0.00	60.30	0.00	0.00	0.00	0.72	232.00	2.05	0.08	0.00	8.42	0.14	73.86	31419.34	11850151.00	
290.00	409.00	239.00	0.00	231.00	7361.00	0.71	1.42	2.69	285.00	7361.00	31.87	24.00	45.00	5.34	28.46	2.51	0.00	31.87	0.00	0.00	0.00	0.60	231.00	2.04	0.02	0.01	7.13	0.30	9.90	421.07	19460.52	
291.00	392.00	641.00	0.00	231.00	13898.00	0.67	1.36	1.55	336.00	13898.00	60.16	25.00	93.00	22.46	504.53	8.47	0.00	60.16	0.00	0.00	0.00	0.59	231.00	2.04	0.05	0.00	8.27	0.12	153.25	-12352.50	4231113.00	
292.00	365.00	475.00	0.00	230.00	7647.00	0.71	1.42	2.61	270.00	7647.00	33.25	25.00	46.00	5.33	28.38	2.19	0.00	33.25	0.00	0.00	0.00	0.62	230.00	2.03	0.06	0.01	7.01	0.42	7.89	275.58	22181.70	
293.00	423.00	129.00	0.00	229.00	7039.00	0.79	1.65	1.85	322.00	7039.00	30.74	25.00	39.00	3.54	12.56	1.67	0.00	30.74	0.00	0.00	0.00	0.65	229.00	2.02	0.05	0.02	6.27	0.46	3.83	60.31	3686.59	
294.00	694.00	91.00	0.00	228.00	6871.00	0.73	1.46	2.27	289.00	6871.00	30.14	24.00	37.00	3.28	10.78	1.59	0.00	30.14	0.00	0.00	0.00	0.61	228.00	2.02	0.06	0.02	6.27	0.45	3.80	-21.70	2761.80	
295.00	1114.00	518.00	0.00	228.00	7951.00	0.66	1.33	2.21	360.00	7951.00	34.87	25.00	47.00	6.11	37.34	3.01	0.00	34.87	0.00	0.00	0.00	0.57	228.00	2.02	0.03	0.01	7.38	0.21	15.69	-81.97	24881.94	
296.00	80.00	559.00	0.00	227.00	6646.00	0.66	1.33	2.14	320.00	6646.00	29.28	24.00	37.00	2.91	8.44	1.39	0.00	29.28	0.00	0.00	0.00	0.60	227.00	2.01	0.05	0.03	5.74	0.48	3.39	25.45	1598.30	
297.00	104.00	69.00	0.00	226.00	9179.00	0.75	1.51	2.21	288.00	9179.00	40.62	25.00	61.00	9.98	99.65	3.37	0.00	40.62	0.00	0.00	0.00	0.63	226.00	2.00	0.07	0.01	7.85	0.19	18.29	1183.04	227933.45	
298.00	133.00	124.00	0.00	226.00	7847.00	0.42	1.10	2.22	306.00	7847.00	34.72	25.00	51.00	6.54	42.76	2.80	0.00	34.72	0.00	0.00	0.00	0.60	226.00	2.00	0.08	0.01	7.45	0.23	16.40	860.69	50901.89	
299.00	1046.00	259.00	0.00	225.00	10056.00	0.65	1.32	0.23	320.00	10056.00	44.69	25.00	73.00	14.89	221.81	5.34	0.00	44.69	0.00	0.00	0.00	0.60	225.00	1.99	0.04	0.00	8.11	0.12	46.48	6014.39	1091870.62	
300.00	517.00	303.00	0.00	223.00	6834.00	0.62	1.28	1.75	252.00	6834.00	30.65	24.00	41.00	3.84	14.78	1.92	0.00	30.65	0.00	0.00	0.00	0.60	223.00	1.97	0.06	0.02	6.34	0.42	6.21	297.08	6961.36	
301.00	473.00	188.00	0.00	220.00	6669.00	0.82	1.77	1.80	273.00	6669.00	30.31	23.00	38.00	3.99	15.92	1.41	0.00	30.31	0.00	0.00	0.00	0.64	220.00	1.95	0.12	0.02	6.23	0.49	3.05	83.58	6524.27	
302.00	556.00	102.00	0.00	216.00	13515.00	0.75	1.52	0.32	315.00	13515.00	62.57	23.00	108.00	25.86	668.85	8.88	0.00	62.57	0.00	0.00	0.00	0.61	216.00	1.91	0.06	0.00	8.35	0.09	122.37	7868.19	8574978.00	
303.00	932.00	660.00	0.00	216.00	13311.00	0.70	1.40	0.67	399.00	13311.00	61.62	25.00	104.00	23.59	556.50	8.58	0.00	61.62	0.00	0.00	0.00	0.59	216.00	1.91	0.08	0.00	8.41	0.04	156.93	-1557.45	5856817.50	
304.00	515.00	851.00	0.00	215.00	10886.00	0.87	2.03	0.03	300.00	10886.00	50.63	22.00	83.00	16.21	262.64	5.21	0.00	50.63	0.00	0.00	0.00	0.64	215.00	1.90	0.05	0.00	8.19	0.12	53.95	1452.92	1549114.88	
305.00	699.00	244.00	0.00	212.00	7532.00	0.58	1.23	2.89	238.00	7532.00	35.53	23.00	49.00	6.77	45.80	3.18	0.00	35.53	0.00	0.00	0.00	0.59	212.00	1.87	0.03	0.01	7.47	0.23	13.92	-50.08	42175.77	
306.00	1288.00	682.00	0.00	211.00	7079.00	0.59	1.24	1.86	238.00	7079.00	33.55	24.00	45.00	5.44	29.60	2.68	0.00	33.55	0.00	0.00	0.00	0.56	211.00	1.87	0.03	0.01	7.23	0.24	12.23	-20.03	17711.62	
307.00	49.00	833.00	0.00	211.00	9645.00	0.88	2.12	3.01	312.00	9645.00	45.71	25.00	63.00	11.77	138.56	4.35	0.00	45.71	0.00	0.00	0.00	0.62	211.00	1.87	0.07	0.01	7.74	0.23	27.71	-3090.91	368236.09	
308.00	1288.00	349.00	0.00	209.00	10378.00	0.52	1.17	2.15	288.00	10378.00	49.66	21.00	71.00	14.11	199.14	6.28	0.00	49.66	0.00	0.00	0.00	0.58	209.00	1.85	0.04	0.00	8.02	0.16	80.09	-5237.56	639325.31	
309.00	35.00	229.00	0.00	206.00	5859.00	0.59	1.24	1.68	280.00	5859.00	28.44	24.00	35.00	2.62	6.85	1.41	0.00	28.44	0.00	0.00	0.00	0.58	206.00	1.82	0.05	0.02	5.89	0.46	4.06	59.67	1249.95	
310.00	782.00	200.00	0.00	205.00	8219.00	0.75	1.52	2.15	272.00	8219.00	40.09	25.00	54.00	7.63	58.19	4.31	0.00	40.09	0.00	0.00	0.00	0.62	205.00	1.81	0.03	0.01	7.41	0.21	35.28	-863.71	54874.54	
311.00	1022.00	239.00	0.00	205.00	6669.00	0.84	1.82	2.16	285.00	6669.00	32.53	25.00	43.00	4.59	21.11	3.04	0.00	32.53	0.00	0.00	0.00	0.64	205.00	1.81	0.00	0.01	7.11	0.25	15.09	98.66	7144.72	
312.00	601.00	640.00	0.00	205.00	8078.00	0.75	1.51	2.28	272.00	8078.00	39.40	25.00	61.00	10.12	102.48	5.41	0.00	39.40	0.00	0.00	0.00	0.59	205.00	1.81	0.00	0.00	8.00	0.10	45.04	1557.05	215707.16	
313.00	411.00	125.00	0.00	204.00	6544.00	0.79	1.63	2.51	270.00	6544.00	32.08	25.00	39.00	3.14	9.89	1.67	0.00	32.08	0.00	0.00	0.00	0.63	204.00	1.80	0.07	0.02	6.14	0.37	5.15	-81.70	2189.33	
314.00	656.00	615.00	0.00	204.00	7378.00	0.74	1.49	3.09	260.00	7378.00	36.17	25.00	45.00	5.61	31.42	2.98	0.00	36.17	0.00	0.00	0.00	0.58	204.00	1.80	0.04	0.01	7.13	0.21	14.53	-346.36	16610.58	
315.00	964.00	226.00	0.00	202.00	6396.00	0.78	1.59	0.06	252.00	6396.00	31.66	24.00	44.00	4.62	21.34	2.11	0.00	31.66	0.00	0.00	0.00	0.59	202.00	1.79	0.05	0.01	6.67	0.36	5.02	176.37	10083.12	
316.00	849.00	321.00	0.00	200.00	8838.00	0.78	1.58	1.41	240.00	8838.00	44.19	25.00	71.00	13.28	176.49	4.31	0.00	44.19	0.00	0.00	0.00	0.60	200.00	1.77	0.06	0.01	7.84	0.14	21.86	4066.59	678609.81	
317.00	395.00	250.00	0.00	199.00	5724.00	0.81	1.69	2.07	300.00	5724.00	28.76	25.00	36.00	3.02	9.09	1.63	0.00	28.76	0.00	0.00	0.00	0.63	199.00	1.76	0.04	0.02	6.01	0.38	5.07	111.42	2246.12	
318.00	286.00	529.00	0.00	192.00	8200.00	0.67	1.34	1.72	260.00	8200.00	42.71	25.00	61.00	9.73	94.73	4.86	0.00	42.71	0.00	0.00	0.00	0.59	192.00	1.70	0.05	0.01	7.64	0.23	31.54	-2026.05	176478.45	
319.00	236.00	800.00	0.00	188.00	13205.00	0.74	1.49	0.43	266.00	13205.00	70.24	25.00	131.00	33.66	1132.72	11.73	0.00	70.24	0.00	0.00	0.00	0.59	188.00	1.66	0.06	0.00	8.23	0.08	208.63	57938.73	26434868.00	
320.00	1265.00	630.00	0.00	187.00	8113.00	0.87	2.07	2.95	252.00	8113.00	43.39	25.00	57.00	9.17	84.08	4.18	0.00	43.39	0.00	0.00	0.00	0.62	187.00	1.65	0.07	0.01	7.41	0.26	27.63	-2345.59	138469.80	
321.00	1216.00	391.00	0.00	186.00	11421.00	0.70	1.39	0.47	270.00	11421.00	61.40	25.00	111.00	26.02	677.06	9.93	0.00	61.40	0.00	0.00	0.00	0.58	186.00	1.64	0.05	0.00	8.25	0.06	140.27	23634.52	9768353.00	
322.00	219.00	422.00	0.00	186.00	6477.00	0.50	1.15	2.96	224.00	6477.00	34.82	25.00	47.00	5.75	33.07	3.62	0.00	34.82	0.00	0.00	0.00	0.54	186.00	1.64	0.00	0.01	7.20	0.28	17.29	-282.57	21024.91	
323.00	1029.00	648.00	0.00	186.00	5234.00	0.81	1.70	1.66	198.00	5234.00	28.14	22.00	34.00	2.63	6.92	1.60	0.00	28.14	0.00	0.00	0.00	0.60	186.00	1.64	0.01	0.02	6.01	0.41	4.11	19.74	1141.72	
324.00	1375.00	68.00	0.00	185.00	5536.00	0.80	1.67	2.06	252.00	5536.00	29.92	20.00	39.00	3.97	15.79	2.30	0.00	29.92	0.00	0.00	0.00	0.62	185.00	1.64	0.03	0.01	6.63	0.35	8.15	106.54	5535.87	
325.00	455.00	25.00	0.00	183.00	5893.00	0.63	1.29	1.54	221.00	5893.00	32.20	24.00	58.00	6.84	46.72	3.42	0.00	32.20	0.00	0.00	0.00	0.53	183.00	1.62	0.06	0.01	7.10	0.29	27.16	2743.82	110524.95	
326.00	369.00	94.00	0.00	183.00	8821.00	0.54	1.19	2.57	224.00	8821.00	48.20	22.00	76.00	15.49	239.98	7.04	0.00	48.20	0.00	0.00	0.00	0.60	183.00	1.62	0.07	0.00	8.10	0.07	104.00	-3772.57	993704.94	
327.00	277.00	852.00	0.00	183.00	9485.00	0.90	2.30	3.09	240.00	9485.00	51.83	25.00	96.00	20.43	417.21	7.79	0.00	51.83	0.00	0.00	0.00	0.64	183.00	1.62	0.00	0.00	8.04	0.13	78.54	22713.60	4007220.75	
328.00	107.00	6.00	0.00	182.00	6658.00	0.43	1.11	2.56	210.00	6658.00	36.58	23.00	58.00	6.15	37.80	3.48	0.00	36.58	0.00	0.00	0.00	0.54	182.00	1.61	0.03	0.01	7.00	0.28	18.76	188.72	35326.21	
329.00	23.00	86.00	0.00	181.00	5887.00	0.34	1.06	1.34	196.00	5887.00	32.52	24.00	46.00	4.72	22.31	2.51	0.00	32.52	0.00	0.00	0.00	0.57	181.00	1.60	0.11	0.01	6.67	0.30	9.72	410.96	15035.61	
330.00	48.00	234.00	0.00	178.00	4853.00	0.46	1.13	0.84	210.00	4853.00	27.26	24.00	31.00	1.41	1.98	0.93	0.00	27.26	0.00	0.00	0.00	0.56	178.00	1.57	0.07	0.06	4.44	0.58	1.46	5.35	89.03	
331.00	621.00	125.00	0.00	177.00	10043.00	0.75	1.50	1.50	247.00	10043.00	56.74	25.00	96.00	19.91	396.44	7.05	0.00	56.74	0.00	0.00	0.00	0.56	177.00	1.57	0.08	0.00	7.91	0.24	68.03	978.06	3275812.25	
332.00	77.00	661.00	0.00	176.00	7047.00	0.93	2.66	0.06	216.00	7047.00	40.04	23.00	72.00	14.56	211.95	4.68	0.00	40.04	0.00	0.00	0.00	0.65	176.00	1.56	0.07	0.01	7.69	0.24	29.18	13406.65	1274350.25	
333.00	381.00	646.00	0.00	175.00	13150.00	0.43	1.11	0.87	289.00	13150.00	75.14	25.00	112.00	27.50	756.03	8.95	0.00	75.14	0.00	0.00	0.00	0.56	175.00	1.55	0.11	0.00	7.96	0.09	228.76	-70523.77	12050631.00	
334.00	874.00	687.00	0.00	174.00	7334.00	0.83	1.82	2.42	256.00	7334.00	42.15	22.00	70.00	12.93	167.10	5.05	0.00	42.15	0.00	0.00	0.00	0.65	174.00	1.54	0.07	0.00	7.85	0.18	31.31	3608.82	586966.12	
335.00	1337.00	418.00	0.00	173.00	5744.00	0.68	1.36	1.88	208.00	5744.00	33.20	25.00	45.00	5.84	34.16	3.34	0.00	33.20	0.00	0.00	0.00	0.54	173.00	1.53	0.00	0.01	7.12	0.25	16.48	299.22	22255.14	
336.00	5.00	299.00	0.00	170.00	5594.00	0.75	1.51	1.02	224.00	5594.00	32.91	23.00	46.00	5.56	30.93	1.98	0.00	32.91	0.00	0.00	0.00	0.61	170.00	1.50	0.09	0.01	6.92	0.29	8.03	70.10	20865.56	
337.00	135.00	110.00	0.00	166.00	5160.00	0.67	1.35	0.96	195.00	5160.00	31.08	25.00	37.00	2.85	8.11	1.80	0.00	31.08	0.00	0.00	0.00	0.56	166.00	1.47	0.07	0.03	5.73	0.51	2.57	-37.02	1516.44	
338.00	788.00	187.00	0.00	166.00	5994.00	0.72	1.45	2.89	216.00	5994.00	36.11	25.00	45.00	5.90	34.75	3.24	0.00	36.11	0.00	0.00	0.00	0.57	166.00	1.47	0.03	0.01	6.82	0.37	18.06	-570.20	21938.88	
339.00	882.00	711.00	0.00	166.00	7827.00	0.80	1.65	2.64	224.00	7827.00	47.15	25.00	75.00	14.49	210.04	5.32	0.00	47.15	0.00	0.00	0.00	0.60	166.00	1.47	0.08	0.01	7.73	0.07	44.09	1572.13	812822.38	
340.00	1235.00	116.00	0.00	162.00	5791.00	0.74	1.49	0.00	221.00	5791.00	35.75	25.00	50.00	6.34	40.19	3.85	0.00	35.75	0.00	0.00	0.00	0.54	162.00	1.43	0.05	0.01	7.38	0.17	20.70	85.26	29219.34	
341.00	137.00	548.00	0.00	160.00	6463.00	0.87	2.00	2.08	238.00	6463.00	40.39	25.00	63.00	12.37	153.08	4.27	0.00	40.39	0.00	0.00	0.00	0.63	160.00	1.41	0.08	0.01	7.45	0.25	34.98	2221.93	450057.72	
342.00	107.00	654.00	0.00	160.00	4309.00	0.58	1.23	1.72	180.00	4309.00	26.93	24.00	29.00	1.09	1.20	0.84	0.00	26.93	0.00	0.00	0.00	0.55	160.00	1.41	0.04	0.10	3.80	0.66	1.03	-2.06	28.86	
343.00	1115.00	4.00	0.00	158.00	9583.00	0.83	1.78	0.17	180.00	9583.00	60.65	25.00	101.00	23.42	548.27	7.84	0.00	60.65	0.00	0.00	0.00	0.59	158.00	1.40	0.03	0.00	7.85	0.13	55.68	-6445.95	5916183.50	
344.00	95.00	656.00	0.00	158.00	4180.00	0.77	1.56	2.12	208.00	4180.00	26.46	23.00	28.00	1.06	1.12	0.78	0.00	26.46	0.00	0.00	0.00	0.59	158.00	1.40	0.05	0.11	3.63	0.65	1.12	-3.02	21.34	
345.00	800.00	88.00	0.00	155.00	8816.00	0.76	1.54	0.57	208.00	8816.00	56.88	25.00	100.00	24.27	588.84	9.06	0.00	56.88	0.00	0.00	0.00	0.57	155.00	1.37	0.07	0.00	7.79	0.13	139.92	10627.33	6616191.00	
346.00	58.00	410.00	0.00	155.00	4388.00	0.64	1.30	0.04	204.00	4388.00	28.31	25.00	33.00	1.90	3.59	1.31	0.00	28.31	0.00	0.00	0.00	0.51	155.00	1.37	0.05	0.04	5.03	0.52	2.25	13.17	252.86	
347.00	299.00	799.00	0.00	154.00	5088.00	0.69	1.39	2.73	180.00	5088.00	33.04	25.00	44.00	5.45	29.66	3.46	0.00	33.04	0.00	0.00	0.00	0.54	154.00	1.36	0.00	0.01	7.04	0.26	13.61	207.04	17190.99	
348.00	1070.00	135.00	0.00	153.00	8615.00	0.68	1.37	1.17	180.00	8615.00	56.31	25.00	90.00	19.21	369.03	7.83	0.00	56.31	0.00	0.00	0.00	0.54	153.00	1.35	0.07	0.01	7.74	0.15	113.32	-10852.13	2384821.75	
349.00	776.00	774.00	0.00	153.00	4766.00	0.66	1.33	2.23	182.00	4766.00	31.15	25.00	40.00	4.10	16.80	2.48	0.00	31.15	0.00	0.00	0.00	0.54	153.00	1.35	0.00	0.01	6.68	0.31	10.21	88.07	5085.82	
350.00	1382.00	362.00	0.00	151.00	7266.00	0.81	1.69	1.43	170.00	7266.00	48.12	25.00	74.00	15.33	235.16	5.35	0.00	48.12	0.00	0.00	0.00	0.57	151.00	1.34	0.02	0.01	7.69	0.16	30.65	704.29	1112046.50	
351.00	1269.00	522.00	0.00	151.00	12700.00	0.92	2.60	0.06	168.00	12700.00	84.11	27.00	127.00	31.17	971.52	9.46	0.00	84.11	0.00	0.00	0.00	0.63	151.00	1.34	0.12	0.00	7.78	0.06	123.70	-89761.16	19660972.00	
352.00	1068.00	171.00	0.00	149.00	4196.00	0.64	1.29	2.30	169.00	4196.00	28.16	25.00	33.00	1.96	3.83	1.44	0.00	28.16	0.00	0.00	0.00	0.55	149.00	1.32	0.00	0.04	5.21	0.44	3.31	22.32	327.98	
353.00	623.00	535.00	0.00	149.00	8986.00	0.71	1.43	2.79	180.00	8986.00	60.31	23.00	110.00	24.53	601.84	8.56	0.00	60.31	0.00	0.00	0.00	0.56	149.00	1.32	0.09	0.00	7.79	0.12	121.08	25040.49	8011158.00	
354.00	485.00	182.00	0.00	148.00	3910.00	0.83	1.77	1.98	187.00	3910.00	26.42	23.00	29.00	1.30	1.70	0.90	0.00	26.42	0.00	0.00	0.00	0.58	148.00	1.31	0.09	0.06	4.39	0.58	1.38	-2.17	71.57	
355.00	531.00	802.00	0.00	148.00	13300.00	0.94	2.91	1.16	322.00	13300.00	89.86	25.00	134.00	36.51	1333.33	9.85	0.00	89.86	0.00	0.00	0.00	0.73	148.00	1.31	0.15	0.01	7.73	0.05	240.50	-161332.22	36850720.00	
356.00	409.00	137.00	0.00	141.00	4234.00	0.74	1.48	0.04	150.00	4234.00	30.03	25.00	35.00	2.49	6.20	1.37	0.00	30.03	0.00	0.00	0.00	0.54	141.00	1.25	0.07	0.03	5.57	0.52	2.63	-0.95	774.32	
357.00	66.00	387.00	0.00	141.00	3741.00	0.90	2.27	2.82	198.00	3741.00	26.53	23.00	28.00	0.97	0.94	0.94	0.00	26.53	0.00	0.00	0.00	0.63	141.00	1.25	0.04	0.10	3.66	0.54	1.62	-1.21	11.37	
358.00	1128.00	842.00	0.00	141.00	5035.00	0.94	2.85	1.69	192.00	5035.00	35.71	25.00	50.00	7.41	54.88	3.41	0.00	35.71	0.00	0.00	0.00	0.64	141.00	1.25	0.08	0.01	7.23	0.23	16.00	374.08	57657.05	
359.00	1068.00	365.00	0.00	139.00	3874.00	0.72	1.43	2.66	195.00	3874.00	27.87	25.00	31.00	1.23	1.50	1.32	0.00	27.87	0.00	0.00	0.00	0.54	139.00	1.23	0.03	0.07	4.19	0.53	2.08	0.13	27.09	
360.00	1294.00	757.00	0.00	139.00	7761.00	0.90	2.33	2.27	238.00	7761.00	55.83	25.00	85.00	19.54	381.65	7.97	0.00	55.83	0.00	0.00	0.00	0.66	139.00	1.23	0.11	0.01	7.50	0.15	138.28	-430.78	2273599.00	
361.00	464.00	98.00	0.00	138.00	4022.00	0.93	2.63	2.60	252.00	4022.00	29.14	25.00	39.00	3.05	9.28	2.40	0.00	29.14	0.00	0.00	0.00	0.70	138.00	1.22	0.00	0.02	5.89	0.35	11.20	173.63	3113.84	
362.00	138.00	534.00	0.00	138.00	3701.00	0.68	1.36	0.34	154.00	3701.00	26.82	24.00	33.00	1.44	2.06	0.93	0.00	26.82	0.00	0.00	0.00	0.53	138.00	1.22	0.07	0.08	4.16	0.57	1.54	14.03	147.02	
363.00	113.00	281.00	0.00	136.00	3870.00	0.67	1.34	0.67	156.00	3870.00	28.46	25.00	33.00	1.80	3.24	1.17	0.00	28.46	0.00	0.00	0.00	0.53	136.00	1.20	0.08	0.05	4.83	0.54	1.98	9.45	282.24	
364.00	530.00	744.00	0.00	134.00	4307.00	0.71	1.42	3.06	140.00	4307.00	32.14	25.00	38.00	3.30	10.90	1.95	0.00	32.14	0.00	0.00	0.00	0.53	134.00	1.18	0.06	0.02	6.06	0.39	6.21	-83.75	2261.84	
365.00	105.00	56.00	0.00	133.00	4912.00	0.79	1.64	0.49	180.00	4912.00	36.93	25.00	52.00	7.96	63.32	3.40	0.00	36.93	0.00	0.00	0.00	0.57	133.00	1.18	0.08	0.01	6.97	0.33	12.15	735.90	95665.26	
366.00	686.00	84.00	0.00	132.00	3871.00	0.81	1.71	1.87	170.00	3871.00	29.33	23.00	36.00	3.31	10.92	1.65	0.00	29.33	0.00	0.00	0.00	0.56	132.00	1.17	0.09	0.02	5.86	0.39	4.20	78.49	2482.66	
367.00	1328.00	283.00	0.00	132.00	7193.00	0.80	1.68	0.18	160.00	7193.00	54.49	25.00	81.00	17.80	316.91	7.89	0.00	54.49	0.00	0.00	0.00	0.54	132.00	1.17	0.07	0.01	7.51	0.19	87.75	-9733.09	1826630.50	
368.00	516.00	615.00	0.00	131.00	7548.00	0.91	2.46	3.01	176.00	7548.00	57.62	25.00	88.00	20.35	414.10	9.16	0.00	57.62	0.00	0.00	0.00	0.60	131.00	1.16	0.08	0.01	7.40	0.19	142.26	-9567.47	2838541.50	
369.00	95.00	551.00	0.00	130.00	4183.00	0.91	2.42	0.00	168.00	4183.00	32.18	25.00	41.00	3.83	14.67	2.01	0.00	32.18	0.00	0.00	0.00	0.58	130.00	1.15	0.09	0.02	6.20	0.42	3.88	-53.60	4885.67	
370.00	307.00	464.00	0.00	129.00	3932.00	0.88	2.13	1.76	200.00	3932.00	30.48	25.00	37.00	3.26	10.61	1.68	0.00	30.48	0.00	0.00	0.00	0.56	129.00	1.14	0.08	0.02	5.99	0.43	3.91	-28.98	1960.91	
371.00	157.00	585.00	0.00	128.00	3563.00	0.80	1.67	1.50	135.00	3563.00	27.84	25.00	33.00	2.22	4.91	1.53	0.00	27.84	0.00	0.00	0.00	0.54	128.00	1.13	0.00	0.03	5.41	0.47	3.51	21.92	502.09	
372.00	691.00	158.00	0.00	127.00	3760.00	0.62	1.28	0.03	154.00	3760.00	29.61	24.00	38.00	2.85	8.13	1.80	0.00	29.61	0.00	0.00	0.00	0.50	127.00	1.12	0.06	0.02	5.77	0.39	5.00	2.95	1044.78	
373.00	493.00	296.00	0.00	124.00	3512.00	0.77	1.56	1.79	150.00	3512.00	28.32	25.00	33.00	1.87	3.50	1.24	0.00	28.32	0.00	0.00	0.00	0.51	124.00	1.10	0.06	0.04	4.98	0.52	2.06	-2.06	248.08	
374.00	540.00	569.00	0.00	124.00	5788.00	0.43	1.11	2.05	156.00	5788.00	46.68	25.00	71.00	13.81	190.74	7.25	0.00	46.68	0.00	0.00	0.00	0.48	124.00	1.10	0.05	0.01	7.45	0.08	91.96	696.26	574839.94	
375.00	463.00	191.00	0.00	123.00	3668.00	0.81	1.69	1.23	150.00	3668.00	29.82	25.00	36.00	2.45	6.00	1.34	0.00	29.82	0.00	0.00	0.00	0.55	123.00	1.09	0.08	0.03	5.37	0.57	2.08	0.38	966.65	
376.00	1263.00	217.00	0.00	123.00	3998.00	0.84	1.85	1.30	176.00	3998.00	32.50	24.00	47.00	5.77	33.32	2.75	0.00	32.50	0.00	0.00	0.00	0.56	123.00	1.09	0.08	0.01	6.71	0.30	9.74	406.45	22211.14	
377.00	465.00	178.00	0.00	120.00	3290.00	0.76	1.54	2.15	168.00	3290.00	27.42	24.00	32.00	1.21	1.46	1.07	0.00	27.42	0.00	0.00	0.00	0.54	120.00	1.06	0.09	0.09	3.97	0.58	1.57	3.79	48.73	
378.00	664.00	506.00	0.00	120.00	9171.00	0.81	1.69	1.78	160.00	9171.00	76.43	26.00	131.00	31.89	1016.87	12.00	0.00	76.43	0.00	0.00	0.00	0.54	120.00	1.06	0.11	0.01	7.55	0.05	321.57	-17970.62	18983472.00	
379.00	1340.00	300.00	0.00	116.00	6004.00	0.87	2.01	1.80	153.00	6004.00	51.76	25.00	77.00	14.51	210.57	6.72	0.00	51.76	0.00	0.00	0.00	0.57	116.00	1.03	0.11	0.01	7.33	0.07	92.41	-3719.40	659187.25	
380.00	999.00	592.00	0.00	116.00	5904.00	0.74	1.49	0.25	150.00	5904.00	50.90	25.00	80.00	17.91	320.91	7.77	0.00	50.90	0.00	0.00	0.00	0.50	116.00	1.03	0.07	0.01	7.29	0.12	80.27	537.33	1780841.25	
381.00	1164.00	251.00	0.00	115.00	6784.00	0.71	1.43	0.28	130.00	6784.00	58.99	26.00	98.00	21.34	455.46	9.22	0.00	58.99	0.00	0.00	0.00	0.51	115.00	1.02	0.08	0.01	7.47	0.10	102.60	-6943.20	3763375.75	
382.00	864.00	589.00	0.00	115.00	6320.00	0.47	1.13	3.08	143.00	6320.00	54.96	25.00	86.00	18.74	351.36	9.19	0.00	54.96	0.00	0.00	0.00	0.49	115.00	1.02	0.06	0.01	7.50	0.10	160.66	-3623.91	1853136.25	
383.00	1263.00	622.00	0.00	114.00	4703.00	0.88	2.10	2.73	176.00	4703.00	41.25	25.00	55.00	9.06	82.07	4.41	0.00	41.25	0.00	0.00	0.00	0.58	114.00	1.01	0.10	0.01	7.09	0.16	34.56	-1015.08	95432.40	
384.00	859.00	691.00	0.00	113.00	3461.00	0.48	1.14	2.10	132.00	3461.00	30.63	23.00	38.00	3.18	10.09	2.28	0.00	30.63	0.00	0.00	0.00	0.48	113.00	1.00	0.07	0.02	6.03	0.31	6.72	-14.26	1566.48	
385.00	245.00	92.00	0.00	111.00	4801.00	0.85	1.92	0.04	120.00	4801.00	43.25	25.00	59.00	9.91	98.26	4.48	0.00	43.25	0.00	0.00	0.00	0.52	111.00	0.98	0.10	0.01	7.11	0.16	25.53	-1286.47	179625.72	
386.00	604.00	65.00	0.00	110.00	3148.00	0.76	1.55	2.29	144.00	3148.00	28.62	25.00	34.00	1.90	3.60	1.85	0.00	28.62	0.00	0.00	0.00	0.51	110.00	0.97	0.00	0.03	5.30	0.44	5.10	17.43	257.74	
387.00	21.00	306.00	0.00	110.00	3135.00	0.78	1.60	0.28	160.00	3135.00	28.50	25.00	32.00	1.90	3.63	1.12	0.00	28.50	0.00	0.00	0.00	0.52	110.00	0.97	0.14	0.04	4.90	0.47	2.76	-6.44	197.55	
388.00	983.00	2.00	0.00	107.00	4761.00	0.92	2.51	3.02	126.00	4761.00	44.50	25.00	83.00	16.04	257.38	7.88	0.00	44.50	0.00	0.00	0.00	0.58	107.00	0.95	0.05	0.01	7.21	0.11	106.92	17381.92	1523509.38	
389.00	1129.00	3.00	0.00	107.00	5186.00	0.83	1.80	2.86	140.00	5186.00	48.47	23.00	85.00	21.78	474.35	6.86	0.00	48.47	0.00	0.00	0.00	0.55	107.00	0.95	0.06	0.01	7.11	0.10	147.39	13726.84	4152490.25	
390.00	1040.00	606.00	0.00	107.00	3163.00	0.50	1.16	2.47	132.00	3163.00	29.56	24.00	37.00	3.17	10.06	2.40	0.00	29.56	0.00	0.00	0.00	0.47	107.00	0.95	0.03	0.02	6.16	0.35	7.35	96.90	2439.79	
391.00	528.00	754.00	0.00	107.00	3452.00	0.73	1.47	2.49	143.00	3452.00	32.26	25.00	38.00	3.40	11.53	2.15	0.00	32.26	0.00	0.00	0.00	0.54	107.00	0.95	0.09	0.02	6.20	0.37	8.36	-105.48	2778.33	
392.00	280.00	103.00	0.00	106.00	4245.00	0.85	1.92	1.64	136.00	4245.00	40.05	25.00	57.00	8.99	80.77	5.28	0.00	40.05	0.00	0.00	0.00	0.55	106.00	0.94	0.06	0.01	6.85	0.31	38.22	-982.92	100009.91	
393.00	2.00	527.00	0.00	106.00	3587.00	0.95	3.20	1.50	120.00	3587.00	33.84	24.00	60.00	9.54	91.05	4.56	0.00	33.84	0.00	0.00	0.00	0.61	106.00	0.94	0.05	0.02	6.45	0.21	40.95	4360.65	196358.16	
394.00	154.00	477.00	0.00	104.00	4830.00	0.75	1.52	2.32	156.00	4830.00	46.44	25.00	66.00	12.98	168.54	5.33	0.00	46.44	0.00	0.00	0.00	0.55	104.00	0.92	0.10	0.01	6.90	0.08	67.19	-867.07	413272.53	
395.00	34.00	86.00	0.00	103.00	2910.00	0.86	1.99	1.80	128.00	2910.00	28.25	24.00	33.00	1.85	3.41	1.62	0.00	28.25	0.00	0.00	0.00	0.55	103.00	0.91	0.09	0.03	5.37	0.43	3.81	1.24	255.79	
396.00	518.00	748.00	0.00	100.00	3070.00	0.66	1.33	2.32	121.00	3070.00	30.70	25.00	36.00	2.98	8.88	1.72	0.00	30.70	0.00	0.00	0.00	0.50	100.00	0.88	0.09	0.02	5.75	0.41	5.05	-41.98	1310.14	
397.00	867.00	171.00	0.00	99.00	2875.00	0.58	1.23	0.40	132.00	2875.00	29.04	24.00	34.00	2.69	7.24	1.62	0.00	29.04	0.00	0.00	0.00	0.50	99.00	0.88	0.07	0.02	5.90	0.41	5.26	-16.02	824.72	
398.00	901.00	646.00	0.00	98.00	3183.00	0.51	1.16	2.66	110.00	3183.00	32.48	25.00	42.00	4.47	20.03	3.47	0.00	32.48	0.00	0.00	0.00	0.47	98.00	0.87	0.00	0.01	6.48	0.32	15.45	-8.01	6854.89	
399.00	898.00	852.00	0.00	98.00	3088.00	0.79	1.62	3.10	104.00	3088.00	31.51	25.00	41.00	4.42	19.53	2.62	0.00	31.51	0.00	0.00	0.00	0.50	98.00	0.87	0.00	0.01	6.41	0.31	9.56	234.28	7703.30	
400.00	121.00	117.00	0.00	97.00	2513.00	0.88	2.09	1.38	120.00	2513.00	25.91	23.00	29.00	1.57	2.46	1.01	0.00	25.91	0.00	0.00	0.00	0.55	97.00	0.86	0.12	0.05	4.73	0.51	2.70	-1.87	101.90	
401.00	378.00	265.00	0.00	96.00	2607.00	0.60	1.25	3.00	99.00	2607.00	27.16	22.00	30.00	1.55	2.41	1.21	0.00	27.16	0.00	0.00	0.00	0.50	96.00	0.85	0.03	0.05	4.62	0.51	2.10	-6.41	125.94	
402.00	351.00	477.00	0.00	95.00	2682.00	0.64	1.30	0.52	110.00	2682.00	28.23	24.00	32.00	1.93	3.73	1.11	0.00	28.23	0.00	0.00	0.00	0.50	95.00	0.84	0.09	0.04	4.80	0.59	1.81	6.60	246.14	
403.00	574.00	3.00	0.00	93.00	3454.00	0.90	2.34	3.09	126.00	3454.00	37.14	21.00	54.00	8.43	71.01	4.68	0.00	37.14	0.00	0.00	0.00	0.53	93.00	0.82	0.09	0.01	7.01	0.11	25.01	-52.71	85333.91	
404.00	30.00	76.00	0.00	90.00	2396.00	0.78	1.61	0.08	104.00	2396.00	26.62	23.00	30.00	1.71	2.93	1.28	0.00	26.62	0.00	0.00	0.00	0.48	90.00	0.80	0.10	0.04	4.78	0.47	2.73	-18.19	209.37	
405.00	125.00	109.00	0.00	88.00	2452.00	0.74	1.48	1.57	140.00	2452.00	27.86	24.00	34.00	2.38	5.66	1.83	0.00	27.86	0.00	0.00	0.00	0.51	88.00	0.78	0.14	0.02	5.71	0.35	5.90	12.45	677.46	
406.00	1189.00	182.00	0.00	87.00	2565.00	0.87	2.01	2.55	130.00	2565.00	29.48	25.00	34.00	2.35	5.53	1.72	0.00	29.48	0.00	0.00	0.00	0.55	87.00	0.77	0.10	0.03	5.44	0.44	4.35	0.52	473.13	
407.00	515.00	291.00	0.00	87.00	2289.00	0.38	1.08	2.48	110.00	2289.00	26.31	23.00	29.00	1.53	2.36	1.12	0.00	26.31	0.00	0.00	0.00	0.48	87.00	0.77	0.07	0.05	4.62	0.56	1.72	-8.47	128.51	
408.00	91.00	75.00	0.00	84.00	2519.00	0.85	1.90	0.16	98.00	2519.00	29.99	25.00	34.00	2.42	5.87	1.88	0.00	29.99	0.00	0.00	0.00	0.51	84.00	0.74	0.10	0.03	5.27	0.52	2.59	17.09	673.77	
409.00	300.00	473.00	0.00	83.00	2433.00	0.49	1.15	1.81	99.00	2433.00	29.31	25.00	34.00	2.78	7.73	1.17	0.00	29.31	0.00	0.00	0.00	0.46	83.00	0.73	0.13	0.02	5.58	0.43	2.71	1.82	1001.06	
410.00	191.00	461.00	0.00	82.00	3445.00	0.81	1.72	2.43	110.00	3445.00	42.01	26.00	62.00	11.34	128.51	5.61	0.00	42.01	0.00	0.00	0.00	0.50	82.00	0.73	0.10	0.01	6.70	0.05	54.60	369.05	226409.75	
411.00	388.00	262.00	0.00	81.00	2306.00	0.70	1.41	2.37	121.00	2306.00	28.47	24.00	35.00	2.55	6.50	1.63	0.00	28.47	0.00	0.00	0.00	0.49	81.00	0.72	0.09	0.03	5.30	0.45	4.40	41.20	943.23	
412.00	622.00	853.00	0.00	81.00	3069.00	0.92	2.60	3.09	102.00	3069.00	37.89	25.00	64.00	10.44	108.95	5.89	0.00	37.89	0.00	0.00	0.00	0.55	81.00	0.72	0.00	0.01	6.81	0.13	46.85	3476.66	239837.03	
413.00	23.00	96.00	0.00	74.00	2078.00	0.90	2.26	3.07	84.00	2078.00	28.08	23.00	31.00	1.37	1.88	1.25	0.00	28.08	0.00	0.00	0.00	0.50	74.00	0.65	0.09	0.10	3.92	0.57	1.80	-13.45	108.76	
414.00	346.00	607.00	0.00	72.00	2089.00	0.68	1.36	1.00	99.00	2089.00	29.01	25.00	38.00	3.01	9.08	2.33	0.00	29.01	0.00	0.00	0.00	0.44	72.00	0.64	0.08	0.02	5.69	0.37	6.86	49.22	1338.88	
415.00	938.00	279.00	0.00	71.00	2323.00	0.91	2.41	2.00	112.00	2323.00	32.72	25.00	43.00	4.95	24.46	3.23	0.00	32.72	0.00	0.00	0.00	0.55	71.00	0.63	0.12	0.01	6.36	0.21	16.42	41.68	8251.42	
416.00	248.00	314.00	0.00	70.00	1944.00	0.76	1.53	0.77	100.00	1944.00	27.77	25.00	32.00	1.65	2.73	1.32	0.00	27.77	0.00	0.00	0.00	0.49	70.00	0.62	0.11	0.06	4.45	0.54	1.96	-5.86	93.28	
417.00	518.00	756.00	0.00	67.00	2084.00	0.79	1.65	0.23	77.00	2084.00	31.10	26.00	37.00	3.35	11.22	1.93	0.00	31.10	0.00	0.00	0.00	0.45	67.00	0.59	0.11	0.02	5.60	0.41	3.98	49.18	2530.85	
418.00	1235.00	413.00	0.00	66.00	2060.00	0.62	1.27	1.33	99.00	2060.00	31.21	25.00	37.00	3.74	14.02	3.07	0.00	31.21	0.00	0.00	0.00	0.44	66.00	0.58	0.06	0.02	5.72	0.34	14.68	-49.78	1649.96	
419.00	43.00	220.00	0.00	62.00	1618.00	0.81	1.71	1.09	90.00	1618.00	26.10	24.00	29.00	1.08	1.17	0.92	0.00	26.10	0.00	0.00	0.00	0.50	62.00	0.55	0.12	0.08	3.86	0.57	1.25	-0.55	18.98	
420.00	696.00	534.00	0.00	61.00	1853.00	0.92	2.59	1.57	65.00	1853.00	30.38	25.00	39.00	3.69	13.61	2.33	0.00	30.38	0.00	0.00	0.00	0.52	61.00	0.54	0.10	0.02	5.61	0.38	6.91	72.96	3114.25	
421.00	313.00	854.00	0.00	60.00	2025.00	0.97	4.04	0.00	68.00	2025.00	33.75	25.00	47.00	6.46	41.78	4.37	0.00	33.75	0.00	0.00	0.00	0.58	60.00	0.53	0.00	0.02	6.18	0.16	27.14	319.20	25323.99	
422.00	479.00	196.00	0.00	59.00	1592.00	0.80	1.68	2.30	81.00	1592.00	26.98	25.00	31.00	1.41	1.98	1.06	0.00	26.98	0.00	0.00	0.00	0.47	59.00	0.52	0.12	0.07	4.07	0.55	1.69	3.51	95.47	
423.00	1233.00	767.00	0.00	59.00	1558.00	0.81	1.72	3.11	72.00	1558.00	26.41	25.00	30.00	1.04	1.07	1.00	0.00	26.41	0.00	0.00	0.00	0.45	59.00	0.52	0.08	0.16	3.31	0.63	1.55	2.01	13.79	
424.00	1384.00	58.00	0.00	58.00	1958.00	0.88	2.08	1.78	72.00	1958.00	33.76	24.00	51.00	7.21	52.01	4.65	0.00	33.76	0.00	0.00	0.00	0.48	58.00	0.51	0.03	0.01	6.31	0.13	35.66	691.47	42544.20	
425.00	116.00	291.00	0.00	57.00	1525.00	0.64	1.30	2.31	72.00	1525.00	26.75	24.00	29.00	1.35	1.83	0.98	0.00	26.75	0.00	0.00	0.00	0.45	57.00	0.50	0.11	0.06	4.12	0.53	1.59	-0.35	49.46	
426.00	1383.00	3.00	0.00	56.00	2878.00	0.48	1.14	0.00	56.00	2878.00	51.39	23.00	87.00	16.85	284.06	6.99	0.00	51.39	0.00	0.00	0.00	0.43	56.00	0.50	0.08	0.01	6.27	0.11	68.38	849.50	1509003.00	
427.00	815.00	583.00	0.00	56.00	1832.00	0.84	1.83	3.06	72.00	1832.00	32.71	25.00	43.00	5.28	27.92	3.89	0.00	32.71	0.00	0.00	0.00	0.47	56.00	0.50	0.08	0.02	6.06	0.25	19.61	49.33	11229.62	
428.00	1048.00	195.00	0.00	52.00	1414.00	0.73	1.46	3.07	63.00	1414.00	27.19	25.00	29.00	1.07	1.14	1.08	0.00	27.19	0.00	0.00	0.00	0.42	52.00	0.46	0.07	0.11	3.55	0.59	1.63	-1.48	8.14	
429.00	1046.00	201.00	0.00	51.00	1396.00	0.69	1.38	2.33	64.00	1396.00	27.37	24.00	29.00	1.37	1.88	1.56	0.00	27.37	0.00	0.00	0.00	0.46	51.00	0.45	0.07	0.06	4.31	0.50	3.17	-0.31	25.70	
430.00	1093.00	835.00	0.00	48.00	1326.00	0.66	1.33	1.57	48.00	1326.00	27.62	25.00	30.00	1.10	1.22	1.26	0.00	27.62	0.00	0.00	0.00	0.39	48.00	0.42	0.00	0.08	3.85	0.54	1.74	0.91	18.47	
431.00	668.00	92.00	0.00	47.00	1240.00	0.86	1.98	0.03	50.00	1240.00	26.38	24.00	29.00	1.05	1.11	1.01	0.00	26.38	0.00	0.00	0.00	0.44	47.00	0.42	0.11	0.08	3.81	0.54	2.26	0.85	9.64	
432.00	369.00	103.00	0.00	46.00	1819.00	0.91	2.47	2.98	55.00	1819.00	39.54	26.00	54.00	9.05	81.99	6.81	0.00	39.54	0.00	0.00	0.00	0.49	46.00	0.41	0.13	0.02	5.67	0.04	75.39	383.44	58355.59	
433.00	1384.00	351.00	0.00	43.00	1843.00	0.78	1.59	2.36	64.00	1843.00	42.86	25.00	70.00	13.92	193.84	7.62	0.00	42.86	0.00	0.00	0.00	0.44	43.00	0.38	0.07	0.02	5.66	0.01	149.04	4262.42	483119.50	
435.00	1304.00	599.00	0.00	37.00	1021.00	0.86	1.95	1.38	45.00	1021.00	27.59	25.00	31.00	1.30	1.69	1.42	0.00	27.59	0.00	0.00	0.00	0.44	37.00	0.33	0.12	0.07	4.05	0.54	2.07	0.69	36.51	
436.00	51.00	226.00	0.00	36.00	927.00	0.79	1.64	0.22	40.00	927.00	25.75	24.00	27.00	0.73	0.54	0.69	0.00	25.75	0.00	0.00	0.00	0.39	36.00	0.32	0.13	0.22	2.67	0.71	0.85	-0.03	3.65	
437.00	353.00	608.00	0.00	36.00	1179.00	0.73	1.45	2.32	49.00	1179.00	32.75	25.00	40.00	4.97	24.71	3.45	0.00	32.75	0.00	0.00	0.00	0.40	36.00	0.32	0.14	0.03	5.09	0.28	25.43	-52.58	5538.60	
438.00	457.00	37.00	0.00	34.00	902.00	0.91	2.43	1.79	50.00	902.00	26.53	25.00	29.00	1.28	1.65	1.29	0.00	26.53	0.00	0.00	0.00	0.45	34.00	0.30	0.16	0.07	4.07	0.50	3.25	1.38	24.21	
439.00	94.00	52.00	0.00	34.00	1100.00	0.82	1.76	2.91	40.00	1100.00	32.35	25.00	38.00	3.88	15.02	3.28	0.00	32.35	0.00	0.00	0.00	0.40	34.00	0.30	0.16	0.03	5.00	0.18	17.36	-2.69	2105.47	
440.00	1072.00	358.00	0.00	34.00	931.00	0.90	2.26	3.08	36.00	931.00	27.38	25.00	29.00	0.99	0.97	1.11	0.00	27.38	0.00	0.00	0.00	0.40	34.00	0.30	0.12	0.14	3.32	0.56	1.32	-1.73	9.53	
441.00	10.00	185.00	0.00	26.00	685.00	0.83	1.80	1.45	28.00	685.00	26.35	25.00	28.00	0.69	0.48	0.86	0.00	26.35	0.00	0.00	0.00	0.35	26.00	0.23	0.11	0.27	2.13	0.82	0.35	0.45	1.68	
442.00	869.00	164.00	0.00	24.00	683.00	0.75	1.50	0.00	24.00	683.00	28.46	25.00	33.00	2.17	4.69	1.53	0.00	28.46	0.00	0.00	0.00	0.32	24.00	0.21	0.09	0.06	4.11	0.49	2.47	13.36	406.03	
